Chromosome	Start	End	Gene
14	55034638	55255662	SAMD4A
19	51446561	51456344	KLK5
19	51461888	51472929	KLK6
19	51479729	51487320	KLK7
19	51499264	51504958	KLK8
19	51503806	51512890	KLK9
19	51516001	51523431	KLK10
19	51525489	51531290	KLK11
19	51532348	51538486	KLK12
1	50307493	50312072	ZNF859P
HG544_PATCH	17631958	17659376	PTPLA
HG544_PATCH	17686124	17757913	STAM
HSCHR12_1_CTG1	120780	232475	IQSEC3
HG14_PATCH	57517884	57541253	ZNF716
HG991_PATCH	66119285	66465398	SLC25A26
HG989_PATCH	31882412	31907525	SERINC2
19	55644162	55660606	TNNT1
19	55663138	55669100	TNNI3
19	55684464	55691720	SYT5
19	55692618	55720874	PTPRH
19	49436939	49448226	DHDH
19	55738002	55740632	TMEM86B
19	49458072	49465055	BAX
19	49468566	49470135	FTL
19	49471382	49496567	GYS1
19	49497156	49519182	RUVBL2
HG858_PATCH	116765	228460	IQSEC3
1	6845384	7827916	CAMTA1
11	18134019	18137679	SAA3P
1	9005922	9035151	CA6
1	9063359	9086404	SLC2A7
1	9095166	9148537	SLC2A5
1	9711790	9789172	PIK3CD
1	86115106	86174116	ZNHIT6
19	1576678	1592710	MBD3
19	1609293	1652326	TCF3
2	88991162	89050445	RPIA
11	93394805	93463522	KIAA1731
1	55532032	55681039	USP24
11	94152895	94227074	MRE11A
1	26437664	26452034	PDIK1L
1	26496362	26498551	ZNF593
1	26503894	26516377	CNKSR1
11	94226795	94232749	ANKRD49
1	26517052	26529459	CATSPER4
11	94277006	94354587	PIWIL4
11	94277017	94283063	FUT4
2	96257766	96265526	TRIM43
11	94822974	94865809	ENDOD1
11	94898704	94965705	SESN3
HSCHR6_MHC_SSTO	30448676	30453414	HLA-E
1	27561007	27635110	WDTC1
1	65713902	65881552	DNAJC6
1	27648651	27662891	TMEM222
1	65886248	66107242	LEPR
1	65886270	65901690	LEPROT
1	27668513	27680421	SYTL1
2	79412357	80875905	CTNNA2
11	77882295	77899868	KCTD21
1	66258197	66840259	PDE4B
1	27681670	27693383	MAP3K6
11	77899858	77925757	USP35
6	28699794	28700681	RPSAP2
1	27705666	27709870	CD164L2
17	11501748	11873485	DNAH9
HSCHR6_MHC_APD	30390730	30395334	MICC
1	27719148	27722318	GPR3
1	27730730	27816669	WASF2
1	27860546	27930942	AHDC1
1	9712668	9714644	C1orf200
1	27938575	27961788	FGR
1	9789084	9884584	CLSTN1
2	84650647	84687169	SUCLG1
1	27992572	27998729	IFI6
6	30382492	30387096	MICC
6	30434229	30435771	TMPOP1
1	28527068	28559536	DNAJC8
11	77225981	77348850	CLNS1A
11	49426527	49437299	TYRL
1	28562620	28573417	ATPIF1
1	76190036	76253260	ACADM
1	28586038	28609002	SESN2
11	77300436	77321400	AQP11
1	76251879	76261100	RABGGTB
1	76262567	76378923	MSH4
1	76540389	77100286	ST6GALNAC3
1	77554675	77685115	PIGK
11	55493696	55494628	OR5D3P
11	56738325	56739621	OR5AK3P
11	57684769	57685711	OR5AZ1P
1	31769842	31837783	ZCCHC17
11	85566144	85631064	CCDC83
1	78245309	78344106	FAM73A
11	85668727	85780924	PICALM
1	78354198	78409580	NEXN
2	75873909	75917977	MRPL19
11	86656721	86666433	FZD4
2	86066267	86116137	ST3GAL5
1	78445226	78604133	GIPC2
11	83166055	85338966	DLG2
1	79355449	79472403	ELTD1
2	86247339	86333278	POLR1A
2	86333305	86369280	PTCD3
6	64325732	64326266	RPL9P18
2	76974845	77820445	LRRTM4
11	77811982	77850706	ALG8
1	86194916	86622626	COL24A1
22	26565440	26779562	SEZ6L
11	88026773	88070955	CTSC
20	6748311	6760910	BMP2
1	86889769	86922241	CLCA2
1	86934051	86965972	CLCA1
1	87170259	87213867	SH3GLB1
1	87380331	87634887	HS2ST1
22	28202413	28316122	PITPNB
11	88237744	88799113	GRM5
20	9518036	9819689	PAK7
2	86371055	86422893	IMMT
1	89990395	90063423	LRRC8B
1	90098631	90398809	LRRC8C
20	13246709	13619587	TASP1
1	90286573	90402170	LRRC8D
5	63461671	63668696	RNF180
6	28048753	28057341	ZNF165
6	28109716	28124089	ZNF192
10	78637355	79398353	KCNMA1
10	80828792	81076285	ZMIZ1
6	73951037	74020088	KHDC1
6	74062785	74064018	DPPA5
1	91726323	91870426	HFM1
5	60628100	60841997	ZSWIM6
3	38738293	38835501	SCN10A
7	44102326	44105186	PGAM2
3	33131913	33138293	TMPPE
3	33155471	33185153	CRTAP
1	67632083	67725662	IL23R
17	14204400	14252721	HS3ST3B1
3	33191537	33260707	SUSD5
3	39093489	39138155	WDR48
1	67773047	67862583	IL12RB2
11	32605344	32627808	EIF3M
3	33318517	33445154	FBXL2
1	67873493	67896098	SERBP1
7	56119323	56131682	CCT6A
1	68511645	68517314	DIRAS3
9	100263462	100364023	TMOD1
6	52535907	52551386	TMEM14A
1	68894505	68915642	RPE65
6	52614897	52628367	GSTA2
1	68939835	68962904	DEPDC1
11	32623792	32816204	CCDC73
1	70034081	70589164	LRRC7
17	15934718	16119010	NCOR1
1	92145902	92371892	TGFBR3
5	64961755	65018862	SGTB
1	92414928	92479983	BRDT
5	65018023	65167553	NLN
16	30844947	30906281	BCL7C
17	16120524	16229573	PIGL
3	39138150	39149854	GORASP1
7	56131695	56148363	SUMF2
16	30907928	30914881	CTF1
16	30934376	30960104	FBXL19
11	89934328	89956532	CHORDC1
1	71868625	72748417	NEGR1
16	30960387	30967782	ORAI3
16	30968615	30996437	SETD1A
3	39149152	39180394	TTC21A
7	56148440	56160689	PHKG1
1	74937776	74978298	LRRC53
7	56169262	56174269	CHCHD2
7	57509883	57533265	ZNF716
1	75667816	76076801	SLC44A5
17	17408877	17495022	PEMT
3	39304985	39323226	CX3CR1
1	81771845	82458107	LPHN2
7	64330550	64391344	ZNF273
11	93063137	93171653	CCDC67
2	88856259	88927094	EIF2AK3
3	33429828	33482863	UBP1
11	65712916	65727434	TSGA10IP
3	33537737	33759848	CLASP2
12	44902058	45315631	NELL2
1	12627939	12677737	DHRS3
3	10327359	10334631	GHRL
1	13641973	13648988	PRAMEF15
1	13668269	13673511	PRAMEF14
1	13694889	13698405	PRAMEF19
7	27778950	27880938	TAX1BP1
13	23755091	23899304	SGCG
3	14989091	15095107	NR2C2
13	23902965	24007841	SACS
1	2252692	2323146	MORN1
7	18126572	19036993	HDAC9
13	24304328	24463558	MIPEP
1	13716088	13719064	PRAMEF17
3	15083967	15106842	MRPS25
12	24964295	25102393	BCAT1
11	9041071	9159661	SCUBE2
7	27870192	28220362	JAZF1
13	25802307	25862147	MTMR6
13	25875662	25923938	NUPL1
11	15133970	15268754	INSC
12	13714144	14133053	GRIN2B
7	28338940	28865511	CREB5
13	26828276	26979375	CDK8
12	25173936	25261268	LRMP
1	2323267	2335190	RER1
13	27640293	27746033	USP12
1	2336236	2345236	PEX10
1	2398898	2436969	PLCH2
13	28874489	29069265	FLT1
11	15987995	16761138	SOX6
11	9160372	9286937	DENND5A
13	30776767	30881621	KATNAL1
3	10365707	10749716	ATP2B2
7	29034847	29235067	CPVL
12	25261354	25348096	CASC1
13	32313674	32377009	RXFP2
HG186_PATCH	50712672	51421329	DOCK3
6	37179956	37225931	TMEM217
16	16043434	16236931	ABCC1
6	37225548	37300746	TBC1D22B
11	9406169	9469673	IPO7
11	8127597	8190602	RIC3
11	16799842	17035990	PLEKHA7
13	35516424	36247159	NBEA
3	9958758	9975314	IL17RC
11	8245851	8290263	LMO1
13	36047926	36050832	MAB21L1
13	36875775	36944317	SPG20
11	8413418	8615836	STK33
7	14184674	15014402	DGKB
1	57460451	59012406	DAB1
1	59120411	59165764	MYSM1
12	39040624	39301232	CPNE8
11	24518516	25104150	LUZP2
3	9975506	9987097	CRELD1
7	40174575	40900362	C7orf10
6	36410544	36458920	KCTD20
3	9987226	9994078	PRRT3
12	12510013	12619840	LOH12CR1
15	41267889	41408552	INO80
3	10004221	10052800	TMEM111
12	12628829	12715317	DUSP16
6	36461669	36515247	STK38
6	47624172	47665533	GPR111
7	29846102	29956682	WIPF3
6	36644305	36655116	CDKN1A
8	31496902	32622548	NRG1
8	18384811	18942240	PSD3
6	36690372	36696578	RAB44
6	36708552	36807778	CPNE5
7	29959719	30029905	SCRN1
8	19171128	19253729	SH2D4A
8	19261672	19615540	CSGALNACT1
6	47653600	47689757	GPR115
22	16868420	16871613	ABCD1P4
7	17338246	17385776	AHR
6	47749718	47800516	OPN5
3	10857885	10982419	SLC6A11
8	35092975	35654068	UNC5D
11	5274420	5667019	HBG2
5	54720682	54830878	PPAP2A
12	26111962	26232825	RASSF8
8	19759228	19824770	LPL
11	5289582	5526847	HBE1
3	11034410	11080933	SLC6A1
6	24544332	24646383	KIAA0319
15	60060543	60061347	RPS3AP6
11	5451898	5489943	OR51I1
3	10289707	10327480	TATDN2
12	15066969	15092016	ERP27
11	5474638	5475707	OR51I2
11	5509915	5510979	OR52D1
12	49760367	49921207	SPATS2
4	89647106	90032549	FAM13A
11	5528530	5531215	UBQLN3
12	15094951	15114662	ARHGDIB
11	5535623	5537935	UBQLNL
11	5565719	5566779	OR52H1
6	16129356	16148479	MYLIP
6	16238811	16295780	GMPR
1	15573768	15726858	FHAD1
12	40148823	40499891	SLC2A13
3	5020801	5027008	BHLHE40
12	15125956	15134799	PDE6H
8	58192102	58197290	C8orf71
12	15260717	15501609	RERG
12	49932940	49952077	KCNH3
6	37787275	38122400	ZFAND3
20	55275893	55276570	PTMAP6
11	10326227	10328944	ADM
5	65892176	66465423	MAST4
3	5163905	5222596	ARL8B
5	44303646	44389808	FGF10
12	49950327	49961936	MCRS1
7	30067020	30170096	PLEKHA8
14	75894419	75940814	JDP2
12	15475331	15750333	PTPRO
3	32280171	32411817	CMTM8
7	30174426	30202378	C7orf41
6	38136227	38607924	BTBD9
12	26274924	26452223	SSPN
15	27216429	27778373	GABRG3
3	32433163	32524559	CMTM7
3	5229331	5261642	EDEM1
14	75988768	76013358	BATF
4	90033968	90036050	TIGD2
16	22825498	22928071	HS3ST2
11	9800214	10315754	SBF2
3	32567463	32612366	DYNC1LI1
6	38683117	38998301	DNAH8
9	97488983	97849441	C9orf3
6	17600583	17611950	FAM8A1
6	17615269	17706818	NUP153
4	90800683	90875780	MMRN1
8	22545172	22550815	EGR3
8	22844930	22877712	RHOBTB2
1	84330711	84464833	TTLL7
1	2439972	2458039	PANK4
22	24340828	24347258	GSTTP1
11	30964749	31391357	DCDC1
8	22877646	22926692	TNFRSF10B
1	2460184	2461684	HES5
11	31391387	31453396	DNAJC24
6	39156749	39197226	KCNK5
8	22941868	22990110	TNFRSF10C
8	22993101	23021543	TNFRSF10D
11	10594638	10715535	MRVI1
4	93225550	94695707	GRID2
8	23047965	23082639	TNFRSF10A
20	60528525	60640866	TAF4
14	71047974	71067384	MED6
15	29560353	29562033	NDNL2
9	97861336	98079991	FANCC
8	23101150	23119512	CHMP7
5	50678921	50690564	ISL1
20	60697517	60710434	LSM14B
HSCHR6_MHC_DBB	30372753	30377357	MICC
4	95128762	95212443	SMARCAD1
HSCHR6_MHC_DBB	30424510	30426052	TMPOP1
20	60711791	60718496	PSMA7
12	16701307	16763528	LMO3
8	22132810	22215076	PIWIL2
14	71108504	71142077	TTC9
9	98205262	98279339	PTCH1
3	8661086	8786726	C3orf32
6	51480098	51952423	PKHD1
8	39792133	39873910	IDO2
9	40063116	40085739	VN2R4P
8	22224762	22291642	SLC39A14
7	44040488	44049721	SPDYE1
9	40371838	40394460	VN2R5P
7	44084232	44109055	DBNL
9	40715849	40716454	FAM74A3
12	41582250	41968392	PDZRN4
5	68389473	68426896	SLC30A5
3	12328867	12475855	PPARG
3	41288090	42003922	ULK4
1	16524349	16539140	ARHGEF19
6	25833294	25882514	SLC17A3
16	20634559	20710212	ACSM1
2	100163718	100759201	AFF3
1	2938046	2939465	ACTRT2
7	69063905	70258054	AUTS2
10	75757872	75879918	VCL
5	52285156	52390609	ITGA2
6	25912982	25930946	SLC17A2
15	31293264	31453476	TRPM1
3	33038112	33138722	GLB1
3	42055294	42267381	TRAK1
1	16555170	16556094	C1orf134
12	8789942	8815484	MFAP5
1	16573334	16678949	FBXO42
6	52051185	52055436	IL17A
6	25963030	25985348	TRIM38
7	70597155	71178585	WBSCR17
15	23282281	23378228	HERC2P2
7	71244476	71912148	CALN1
10	88516396	88684945	BMPR1A
5	52391512	52405893	MOCS2
14	76776957	76968178	ESRRB
3	42299317	42307699	CCK
7	72349936	72421979	POM121
10	88695297	88729238	MMRN2
10	88718375	88723017	SNCG
9	98637900	98776842	C9orf102
7	76651635	76661674	SPDYE8P
5	52776239	52782964	FST
3	9022275	9404737	SRGAP3
11	6411655	6416228	SMPD1
3	42530791	42579059	VIPR1
8	26362217	26371608	PNMA2
14	72315323	73030654	RGS6
8	26371547	26515694	DPYSL2
4	95679119	96079599	BMPR1B
10	88727949	88730672	C10orf116
5	52856463	52979168	NDUFS4
12	8834196	8935691	RIMKLB
11	6416354	6440644	APBB1
7	30464143	30518400	NOD1
4	96083655	96470357	UNC5C
18	5954705	6414910	L3MBTL4
6	22569678	22571892	HDGFL1
8	27168999	27316903	PTK2B
3	42589461	42642572	SEC22C
16	20042807	20085239	GPR139
14	77564440	77583630	KIAA1737
15	40091233	40213093	GPR176
9	95947198	96082854	WNK2
18	7567817	8406859	PTPRM
4	99182535	99365012	RAP1GDS1
6	43149913	43192325	CUL9
12	68548548	68553527	IFNG
10	88854953	88951225	FAM35A
5	68665120	68710628	RAD17
5	58264865	59817947	PDE4D
1	18081808	18153558	ACTL8
1	18434240	18704977	IGSF21
14	73075742	73360809	DPF3
3	42623332	42636606	SS18L2
3	42642106	42690227	NKTR
7	30634297	30673649	GARS
1	19166093	19186176	TAS1R2
1	19197926	19229275	ALDH4A1
8	27454434	27472548	CLU
12	68595131	68619601	IL26
11	66024765	66035331	KLC2
11	13298199	13408813	ARNTL
6	24424793	24495433	GPLD1
8	27491385	27534190	SCARA3
7	30692200	30739745	CRHR2
6	30457244	30461982	HLA-E
11	66036004	66044963	RAB1B
11	17515442	17565963	USH1C
18	10454625	10488698	APCDD1
18	10525873	10552762	NAPG
12	9066492	9094063	PHC1
16	14529558	14726585	PARN
9	96208776	96215874	FAM120AOS
8	27727399	27850244	SCARA5
6	43193367	43197222	C6orf108
11	6452279	6463847	HPX
20	62783144	62873604	MYT1
11	66045661	66052772	CNIH2
8	27879481	27941388	C8orf80
3	42695176	42709072	ZBTB47
6	43211222	43255997	TTBK1
7	73007524	73038873	MLXIPL
6	24495080	24537435	ALDH5A1
2	39476407	39664453	MAP4K3
20	62887048	62926855	PCMTD2
8	27947190	28048673	ELP3
9	96214173	96328397	FAM120A
HSCHR6_MHC_COX	30908600	30911697	DPCR1
3	42727011	42734036	KBTBD5
11	66052051	66056641	YIF1A
7	73082155	73086442	VPS37D
3	42734155	42814745	CCDC13
6	43263432	43273276	SLC22A7
12	9092959	9102551	M6PR
7	73096601	73097783	DNAJC30
7	73097355	73119491	WBSCR22
8	28205804	28347835	FBXO16
2	48541776	48606434	FOXN2
11	17568920	17668697	OTOG
8	28351729	28431775	FZD3
6	43267448	43276535	CRIP3
6	41514164	41570122	FOXP4
7	25159710	25164980	CYCS
2	1792885	2335032	MYT1L
7	25174316	25219975	C7orf31
2	96916312	96931732	TMEM127
12	50786166	50873787	LARP4
2	96931870	96939087	CIAO1
8	28924796	29120641	KIF13B
11	56756347	56757342	OR5AK2
2	96940074	96971297	SNRNP200
2	9724101	9771143	YWHAQ
11	40135753	41481323	LRRC4C
5	68710939	68740157	MARVELD2
10	89622870	89731687	PTEN
HSCHR6_MHC_COX	28700592	28701479	RPSAP2
6	64345725	64489229	PHF3
5	68788119	68853931	OCLN
12	20522179	20837315	PDE3A
3	43120724	43147568	C3orf39
3	43328004	43466256	SNRK
6	76005626	76203496	FILIP1
11	13409548	13484844	BTBD10
11	47586888	47606114	NDUFS3
7	47735328	48019178	HUS1
5	68856035	68890550	GTF2H2C
6	42174539	42185603	MRPS10
6	76311225	76427997	SENP6
10	90424198	90438571	LIPF
6	42192669	42419789	TRERF1
16	50582241	50670647	NKD1
10	90484301	90512543	LIPK
3	43396351	43733086	ANO10
11	18091482	18127638	SAAL1
3	42734155	42744319	HHATL
7	31790793	32338941	PDE1C
11	47586982	47595013	PTPMT1
11	47593749	47600567	KBTBD4
6	54711569	54806820	FAM83B
16	47188298	47498060	ITFG1
11	18142502	18160027	MRGPRX3
7	26331541	26413949	SNX10
6	42531800	42661242	UBR2
22	30476163	30606866	HORMAD2
3	19189946	19577138	KCNH8
11	43577986	43878167	HSD17B12
2	40339286	40838193	SLC8A1
6	69345259	70099403	BAI3
3	23958036	23965183	RPL15
11	65365226	65382853	MAP3K11
7	26706681	27034858	SKAP2
3	43731605	43775863	ABHD5
11	47608198	47610746	FAM180B
11	47611216	47616211	C1QTNF4
2	48757064	49003638	STON1-GTF2A1L
11	6469843	6495689	TRIM3
11	43902361	43941816	ALKBH3
11	47638867	47664175	MTCH2
2	44039611	44066004	ABCG5
7	48075108	48100901	C7orf57
6	55921388	56258892	COL21A1
3	23986751	24021237	NR1D2
1	92764522	92853730	RPAP2
2	44066103	44105605	ABCG8
2	44113363	44223144	LRPPRC
1	92940319	92952433	GFI1
HSCHR6_MHC_QBL	30371999	30376604	MICC
HSCHR6_MHC_QBL	30423833	30425362	TMPOP1
1	92974253	93257961	EVI5
11	65405568	65418401	SIPA1
7	48211055	48687092	ABCA13
12	22601517	22697480	KIAA0528
1	93615299	93646285	TMED5
1	93645476	93744287	CCDC18
11	44117099	44266979	EXT2
3	25215823	25639423	RARB
1	21132972	21503377	EIF4G3
6	34857038	35085317	ANKS1A
11	65292548	65306175	SCYL1
10	91342745	91405215	PANK1
6	35085848	35116387	TCP11
6	42714696	42836296	KIAA0240
1	94614544	94740624	ARHGAP29
6	42847356	42857663	RPL7L1
11	57228022	57245007	RTN4RL2
11	57252007	57283259	SLC43A1
6	56322785	56819426	DST
9	88161455	88356944	AGTPBP1
1	1246965	1260071	CPSF3L
3	14860469	14975895	FGD5
1	21922708	21995856	RAP1GAP
6	42858005	42858554	C6orf226
2	3705785	3750261	ALLC
12	9809270	9848413	CLEC2D
HSCHR6_MHC_MCF	30460941	30465545	MICC
1	22004791	22110099	USP48
4	83550692	83720010	SCD5
11	34874641	34938046	APIP
4	83739814	83822319	SEC31A
12	9868456	9885895	CLECL1
11	34937376	35042138	PDHX
7	36363830	36429734	KIAA0895
1	22138758	22151714	LDLRAD2
1	22148738	22263790	HSPG2
12	63952693	64062719	DPY19L2
5	38258511	38465123	EGFLAM
3	44619715	44641186	ZNF660
11	47799639	47870107	NUP160
11	65479467	65487075	KAT5
7	36429415	36493400	ANLN
2	7057523	7208417	RNF144A
3	44626380	44689963	ZNF197
2	8818975	8824583	ID2
3	44690219	44702283	ZNF35
11	73111532	73309234	FAM168A
2	8865408	8977760	KIDINS220
20	31290493	31331814	COMMD7
20	31350191	31397162	DNMT3B
11	73357223	73373864	PLEKHB1
1	22962999	22966175	C1QA
22	35695268	35743985	TOM1
11	65482367	65488418	RNASEH2C
1	22970123	22974603	C1QC
12	96883349	97269333	C12orf55
2	49189296	49381676	FSHR
2	43393800	43823185	THADA
1	22979255	22988031	C1QB
1	1260136	1264277	GLTPD1
22	35776354	35790207	HMOX1
2	50145643	51259674	NRXN1
11	65306031	65326401	LTBP3
1	1266694	1270686	TAS1R3
7	33168856	33645680	BBS9
11	65554493	65564690	OVOL1
22	35796056	35820495	MCM5
1	23037332	23241818	EPHB2
1	1270656	1284760	DVL1
11	73386938	73472182	RAB6A
12	69235977	69365350	CPM
11	48002110	48192393	PTPRJ
11	57295936	57298276	TIMM10
11	57308979	57318108	SMTNL1
HSCHR6_MHC_COX	30372300	30376905	MICC
HSCHR6_MHC_COX	30424154	30425681	TMPOP1
11	57319129	57335757	UBE2L6
1	1288069	1297157	MXRA8
2	10443015	10567743	HPCAL1
2	45878484	46415129	PRKCE
11	44281994	44331716	ALX4
2	10580094	10588630	ODC1
12	31824071	31882108	AMN1
3	23847394	23932807	UBE2E1
3	53122499	53164478	RFT1
3	57741177	57914895	SLMAP
1	23907985	23967058	MDS2
3	23933151	23988082	NKIRAS1
2	43864412	43995126	PLEKHH2
6	84569362	84670146	CYB5R4
1	97543299	98386605	DPYD
5	39105338	39274630	FYB
11	65337901	65341413	SSSCA1
12	59989848	60176395	SLC16A7
HSCHR6_MHC_MCF	30987293	30997453	DPCR1
7	37723399	37873390	GPR141
18	24034874	24209206	KCTD1
5	72112139	72212560	TNPO1
12	32552463	32798984	FGD4
2	97371666	97405801	LMAN2L
1	24128375	24165110	HMGCL
18	28898052	28936992	DSG1
18	28956740	28993880	DSG4
HSCHR6_MHC_MANN	30501925	30506663	HLA-E
18	29027758	29058665	DSG3
9	89559279	89562104	GAS1
1	24171567	24194784	FUCA1
1	24197016	24285549	CNR2
1	24285599	24289952	PNRC2
14	88649113	88793251	KCNK10
6	71377479	71571718	SMAP1
10	93808399	94050844	CPEB3
16	71762913	71843104	AP1G1
2	97426639	97477628	CNNM4
6	10492456	10629601	GCNT2
2	97481982	97499648	CNNM3
3	57994127	58157982	FLNB
18	32073254	32471808	DTNA
10	94050920	94113721	MARCH5
2	97490263	97523671	ANKRD23
11	65339820	65341669	FAM89B
11	65647280	65651212	CTSW
11	65343509	65360121	EHBP1L1
5	72251808	72386349	FCHO2
2	44001178	44037149	DYNC2LI1
6	10671651	10695030	C6orf52
16	27798850	28074830	GSG1L
11	65651212	65656010	FIBP
6	71566382	71666741	B3GAT2
6	72596406	73112845	RIMS1
6	10694928	10710015	PAK1IP1
18	33552046	33559241	C18orf21
18	33569787	33647539	RPRD1A
11	65360326	65363467	KCNK7
6	10723148	10731362	TMEM14C
2	46926091	46990268	SOCS5
7	75162621	75368280	HIP1
7	8008425	8133902	GLCCI1
13	39917029	40177665	LHFP
10	71812552	71872032	H2AFY2
2	54342540	54532437	ACYP2
5	40714577	40756077	TTC33
6	10747973	10930656	TMEM14B
11	45931220	45940363	PEX16
2	54480315	54483409	TSPYL6
2	54557171	54610879	C2orf73
16	28109300	28223241	XPO6
11	65657875	65659105	CCDC85B
11	65659490	65668044	FOSL1
13	41506056	41635576	ELF1
5	40759481	40798476	PRKAA1
10	71857979	71892690	AIFM2
10	71897737	71906432	TYSND1
3	53528683	53846490	CACNA1D
6	44777054	45345690	SUPT3H
11	65684279	65686588	C11orf68
7	75398851	75419214	CCL26
7	75440983	75452674	CCL24
3	38495342	38524948	ACVR2B
12	32832134	32905700	DNM1L
10	71909960	71930279	SAR1A
11	65686728	65689032	DRAP1
11	45943172	45950647	GYLTL1B
13	43460524	43566407	EPSTI1
5	40825364	40835437	RPL37
13	43597339	43683045	DNAJC15
13	43787654	44361044	ENOX1
13	44398045	44453864	CCDC122
13	44947801	44971850	SERP2
13	45007655	45151283	TSC22D1
3	38537618	38583652	EXOG
11	65729160	65747299	SART1
10	71962587	71993667	PPA1
11	45950871	46142985	PHF21A
6	10762956	10838764	MAK
10	72058729	72142382	LRRC20
12	66582659	66648402	IRAK3
13	47127303	47325710	LRCH1
13	47345391	47371367	ESD
HSCHR6_MHC_QBL	30446762	30451500	HLA-E
8	6808248	6809121	DEFA8P
8	6816811	6817683	DEFA9P
8	6825663	6826635	DEFA10P
2	97502348	97523832	ANKRD39
8	6844700	6847243	DEFT1P
12	66741211	67197966	GRIP1
1	31838472	31849697	FABP3
2	97525453	97536494	SEMA4C
10	72357104	72362531	PRF1
6	11183531	11382581	NEDD9
10	72432559	72522197	ADAMTS14
3	37284668	37408242	GOLGA4
6	87647024	87726401	HTR1E
3	54156574	55108584	CACNA2D3
11	6942205	6943264	OR2D3
2	97541620	97684175	FAM178B
11	6947635	7005863	ZNF215
4	84457067	84527028	AGPAT9
1	31882412	31907525	SERINC2
11	57791353	57949088	OR9Q1
11	57798402	57799403	OR6Q1
11	57885972	57886916	OR9I1
11	7020549	7041599	ZNF214
6	11537938	11583757	TMEM170B
6	45295894	45632086	RUNX2
7	55433141	55501435	LANCL2
18	52495708	52562747	RAB27B
18	52568740	52626739	CCDC68
11	58125597	58126542	OR5B17
11	58169937	58170882	OR5B3
11	58189738	58190786	OR5B2
11	7041677	7092539	NLRP14
13	51909909	51938871	SERPINE3
13	51928213	52028400	INTS6
11	58206593	58207646	OR5B12
7	8473585	8792593	NXPH1
7	38331217	38331679	TRGV11
7	38356618	38358462	TRGV9
7	38388956	38389623	TRGV5
7	38398113	38398763	TRGV3
4	85590704	85887544	WDFY3
7	38423305	38671167	AMPH
HSCHR6_MHC_DBB	30899496	30912715	DPCR1
11	65837834	66012218	PACS1
3	55542336	56502391	ERC2
5	41730167	41870621	OXCT1
13	60239717	60738119	DIAPH3
10	73156691	73575702	CDH23
13	60970591	61148012	TDRD3
12	99120235	100378432	ANKS1B
13	66876967	67804468	PCDH9
3	47057900	47205467	SETD2
11	20620946	20680831	SLC6A5
6	46517541	46620523	CYP39A1
7	38762563	38971994	VPS41
3	46710487	46735194	ALS2CL
13	74260226	74708394	KLF12
8	7791934	7796292	DEFB108P1
6	46620678	46649356	SLC25A27
19	40502943	40537972	ZNF546
19	40534167	40562116	ZNF780B
11	20691117	21597227	NELL1
19	40570428	40596845	ZNF780A
18	56529832	56653712	ZNF532
8	7847937	7855043	DEFB109P1
7	47314752	47622156	TNS3
15	55611158	55647846	PIGB
6	13266774	13328776	TBC1D7
13	76123619	76180085	UCHL3
13	76194570	76434004	LMO7
11	74041363	74109518	PGM2L1
6	46655612	46672056	TDRD6
12	32880424	32908836	YARS2
21	43159529	43187266	RIPK4
3	47269516	47324941	KIF9
15	55632230	55700708	CCPG1
11	36616051	36694823	C11orf74
21	43218385	43299591	PRDM15
5	42423879	42721979	GHR
HSCHR6_MHC_MCF	30535711	30540449	HLA-E
6	35762759	35765102	CLPS
6	35773070	35801651	LHFPL5
19	16771938	16799814	TMEM38A
19	16830787	16928774	NWD1
4	86936276	87515284	MAPK10
8	71485677	71520622	TRAM1
6	35800743	35889119	SRPK1
5	271736	353971	PDCD6
6	80816364	81055987	BCKDHB
3	58177984	58200853	DNASE1L3
9	92219928	92221470	GADD45G
6	13358062	13487787	GFOD1
8	71547553	71581409	LACTB2
15	56119120	56285944	NEDD4
7	12370511	12443567	VWDE
2	30670092	30867091	LCLAT1
7	88388682	88966346	ZNF804B
18	63417488	63552376	CDH7
7	88423420	88425035	C7orf62
10	26223196	26501456	MYO3A
9	8314246	10612723	PTPRD
3	47324407	47388306	KLHL18
3	9908398	9921938	CIDEC
22	38226862	38240438	ANKRD54
6	89319985	89673348	RNGTT
11	2465914	2870221	KCNQ1
18	66401969	66722426	CCDC102B
22	38301664	38338829	MICALL1
3	47422501	47454931	PTPN23
14	51441980	51562779	TRIM9
8	42128820	42189973	IKBKB
3	9932238	9936033	JAGN1
13	93879095	95055812	GPC6
11	74459913	74553458	RNF169
5	19473060	20575982	CDH18
2	11584501	11606297	E2F6
10	26505236	26593487	GAD2
11	74518784	74660245	XRRA1
11	68080077	68216743	LRP5
HSCHR6_MHC_COX	30447104	30451842	HLA-E
3	46742823	46752376	TMIE
7	1855383	2272878	MAD1L1
17	38632080	38657854	TNS4
3	9944296	9958086	IL17RE
10	1228073	1779670	ADARB2
17	38710021	38721724	CCR7
18	71920528	71959251	CYB5A
8	42195972	42229326	POLB
4	87515468	87736324	PTPN13
18	74069644	74207146	ZNF516
11	66774249	66818334	SYT12
9	33384765	33402643	AQP7
15	65032091	65067786	RBPMS2
5	21750777	22853731	CDH12
8	73449626	73850584	KCNB2
2	74011316	74044274	C2orf78
2	74056086	74100786	STAMBP
9	33441152	33447609	AQP3
8	42231249	42234750	DKK4
8	42249142	42263415	VDAC3
8	73976775	74036323	C8orf84
11	74660292	74690076	SPCS2
13	96743093	97485671	HS6ST3
15	44162962	44487450	FRMD5
12	3715799	3873985	EFCAB4B
5	612387	667283	CEP72
9	33461439	33473941	NOL6
1	33207486	33240571	KIAA1522
1	33240840	33283754	YARS
15	56922379	57210769	ZNF280D
6	14117872	14137149	CD83
13	98605742	98676551	IPO5
11	74699179	74729938	NEU3
10	52750945	54058110	PRKG1
18	77155772	77289325	NFATC1
22	19863040	19929359	TXNRD2
11	55540914	55541858	OR5D13
11	55563032	55563976	OR5D14
1	33546705	33586131	ADC
5	24487209	24645087	CDH10
15	65204101	65251042	ANKDD1A
16	77822427	78014004	VAT1L
22	19929130	19957498	COMT
11	55578854	55579952	OR5L1
12	51984050	52202297	SCN8A
12	3900213	3982608	PARP11
22	19957419	20004331	ARVCF
11	55587086	55588073	OR5D18
11	55594695	55595630	OR5L2
9	94972489	95056038	IARS
13	98795434	99102023	FARP1
22	39101728	39134304	GTPBP1
HSCHR6_MHC_QBL	30898353	30911572	DPCR1
1	33611003	33647671	TRIM62
13	99102455	99230194	STK24
4	40425272	40632892	RBM47
16	78056412	78100658	CLEC3A
2	74119441	74146992	ACTG2
15	65255362	65282648	SPG21
10	73818793	73848790	SPOCK2
22	39174513	39190203	DNAL4
22	39214457	39239987	NPTXR
8	42995556	43057998	HGSNAT
10	55562531	57387702	PCDH15
10	73856278	73980083	ASCC1
11	74811608	74917594	SLCO2B1
1	33979609	34631443	CSMD2
15	65294845	65321977	MTFMT
HSCHR6_MHC_MANN	30427175	30431779	MICC
8	48173167	48648868	KIAA0146
1	34326076	34330392	HMGB4
4	40812044	41218731	APBB2
13	20977806	21099996	CRYL1
HSCHR6_MHC_MANN	30478910	30480452	TMPOP1
1	35331037	35395186	DLGAP3
9	33921691	34048947	UBAP2
11	68451247	68458643	GAL
9	75136717	75455695	TMC1
11	68474908	68519032	MTL5
14	93260576	93306308	GOLGA5
8	48685669	48872743	PRKDC
HSCHR6_MHC_SSTO	28699794	28700681	RPSAP2
11	68522088	68611878	CPT1A
1	35641979	35658749	SFPQ
14	53106634	53162618	ERO1L
13	100153671	100215645	TM9SF2
10	14880163	14913740	HSPA14
5	31532373	31555165	C5orf22
13	100634026	100639018	ZIC2
14	53173890	53195305	PSMC6
22	40440821	40731811	TNRC6B
1	35899091	36023551	KIAA0319L
10	5077549	5149878	AKR1C3
1	36023074	36032875	NCDN
5	82348665	82373682	TMEM167A
4	75480629	75490486	AREGB
8	76320149	76479078	HNF4G
HSCHR6_MHC_DBB	30447487	30452225	HLA-E
5	31639517	32111037	PDZD2
1	36038971	36060929	TFAP2E
1	36067185	36107445	PSMB2
10	27484144	27531068	ACBD5
5	82373317	82652548	XRCC4
11	66824289	66839484	RHOD
14	53196898	53241716	STYX
5	72416119	72427644	TMEM171
8	50822349	51706678	SNTG1
4	41361624	41702061	LIMCH1
15	45694529	45713617	SPATA5L1
15	45722727	45740959	C15orf48
4	3768075	3770251	ADRA2C
15	58245622	58790065	ALDH1A2
15	84115980	84287495	SH3GL3
15	45771809	45815005	SLC30A4
4	16503164	16900432	LDB2
11	59939081	59952139	MS4A6A
9	14615530	14693469	ZDHHC21
15	72766667	72879692	ARIH1
HSCHR6_MHC_SSTO	30371601	30376206	MICC
2	18735989	18741946	RDH14
10	46897641	46939148	FAM35B
20	1514897	1539489	SIRPD
20	1544167	1600707	SIRPB1
HSCHR6_MHC_SSTO	30423332	30424869	TMPOP1
9	14719722	14722715	CER1
12	70910630	71031220	PTPRB
8	79587978	79717758	IL7
9	14734664	14910993	FREM1
10	5454514	5500426	NET1
6	90074355	90121989	RRAGD
8	53535016	53658403	RB1CC1
9	40760700	40836415	ZNF658
4	17461884	17513857	QDPR
9	41321107	41327364	FAM75A4
10	5540658	5541533	CALML5
10	5566924	5568225	CALML3
4	68918916	68995598	TMPRSS11F
6	90142889	90343553	ANKRD6
4	17516788	17528727	CLRN2
10	60936350	61007534	PHYHIPL
3	58477841	58488087	KCTD6
2	55463731	55496483	MTIF2
10	61005890	61122939	FAM13C
20	2517253	2622430	TMC2
3	58490863	58523046	ACOX2
1	37261128	37499730	GRIK3
4	5053169	5502725	STK32B
12	71031853	71314623	PTPRR
4	5526296	5529528	C4orf6
4	5544499	5711275	EVC2
6	90277863	90348472	LYRM2
5	1877541	1887350	IRX4
7	77646393	79082890	MAGI2
15	78370150	78397251	SH2D7
4	76649762	76735382	USO1
9	77675489	77703133	C9orf95
15	78396948	78423886	CIB2
6	90352218	90529442	MDN1
10	15253642	15413061	FAM171A1
4	69917081	69978705	UGT2B7
15	78423840	78464291	IDH3A
4	76781020	76823724	PPEF2
8	56014949	56438714	XKR4
9	43684902	43924049	CNTNAP3B
9	77703459	77762181	OSTF1
3	47844399	47891685	DHX30
4	76831809	76862204	NAAA
4	70065669	70080449	UGT2B11
12	175931	287626	IQSEC3
2	26987152	27004099	C2orf18
4	41746099	41750987	PHOX2B
2	62115859	62374382	COMMD1
16	81040103	81066719	CENPN
4	70345883	70391732	UGT2B4
14	89290497	89344335	TTC8
15	73344051	73597547	NEO1
2	26987157	27023935	CENPA
4	70454135	70518967	UGT2A1
15	59427113	59665099	MYO1E
16	56764017	56880792	NUP93
8	56979854	56987069	RPS20
1	39303870	39325495	RRAGC
14	55033815	55260033	SAMD4A
8	57025501	57026541	MOS
1	39328636	39347289	MYCBP
12	299243	323736	SLC6A12
8	57073463	57123883	PLAG1
10	28821422	28909928	WAC
16	81069452	81080963	ATMIN
2	20646835	20649200	RHOB
6	90636248	91006627	BACH2
15	78459810	78538030	ACSBG1
4	76862103	76912115	SDAD1
2	27070615	27173219	DPYSL5
3	71003844	71633140	FOXP1
1	39330175	39347289	GJA9
4	70592566	70653679	SULT1B1
1	39351479	39407471	RHBDL2
7	90893783	90898123	FZD1
6	30908749	30921998	DPCR1
4	41992489	42089551	SLC30A9
2	55514978	55647057	CCDC88A
9	44990314	44991483	FAM27C
3	47892182	48130769	MAP4
16	81087102	81110872	C16orf46
15	59499042	59500705	LDHAL6B
4	42112870	42154895	BEND4
1	39546988	39952849	MACF1
12	329789	372039	SLC6A13
14	63173287	63568755	KCNH5
9	470291	746105	KANK1
22	43192508	43267429	ARFGAP3
15	78556428	78574538	DNAJA4
9	16416404	16870841	BNC2
22	43231418	43411151	PACSIN2
9	79034752	79122332	GCNT1
7	91570181	91739987	AKAP9
16	56899119	56949762	SLC12A3
3	58703092	59035810	C3orf67
19	6663148	6670599	TNFSF14
19	6677846	6730573	C3
22	43414609	43485434	TTLL1
15	73735499	73852355	C15orf60
15	73852355	73926475	NPTN
2	30945637	31043408	CAPN13
22	43506754	43525718	BIK
22	43528886	43539400	MCAT
22	43547520	43559248	TSPO
10	16865963	17171830	CUBN
12	71518865	71835678	TSPAN8
4	76922428	76928641	CXCL9
4	6322305	6565327	PPP2R2C
22	43562628	43583139	TTLL12
15	78570177	78592136	WDR61
4	70861647	70868287	STATH
12	71833550	71980090	LGR5
5	33936491	33939023	RXFP3
5	33944721	33984835	SLC45A2
12	56030644	56031638	OR10P1
12	56075330	56078395	METTL7B
14	21359558	21360507	RNASE3
4	492989	533985	PIGG
4	20730239	21950422	KCNIP4
9	2015342	2193624	SMARCA2
12	56078352	56109827	ITGA7
5	33986283	34008220	AMACR
12	81331594	81650533	ACSS3
6	93949738	94129265	EPHA7
7	2767746	2883958	GNA12
15	85777817	86292586	AKAP13
3	59735036	61237133	FHIT
3	71820807	71834357	PROK2
10	29577990	29607257	LYZL1
1	39957318	39991607	BMP8A
1	40026488	40042462	PABPC4
10	29746267	30025710	SVIL
20	44519591	44527459	CTSA
12	81652045	82153332	PPFIA2
4	70894130	70902255	HTN3
22	24299601	24303373	GSTT2B
9	17578953	17797127	SH3GL2
1	40089825	40105617	HEYL
22	24309089	24314721	DDTL
22	24313554	24322660	DDT
1	40124793	40137710	NT5C1A
1	40144320	40157361	HPCAL4
22	24322339	24326106	GSTT2
2	63815743	63834331	MDH1
2	23608088	23931481	KLHL29
20	44527399	44540794	PLTP
7	2945775	3083579	CARD11
16	74411156	74425978	NPIPL2
4	70916119	70924562	HTN1
15	78632666	78640572	CRABP1
16	74442529	74455649	CLEC18B
8	61099906	61193971	CA8
1	40306708	40349183	TRIT1
1	1309110	1310875	AURKAIP1
4	70999333	71042516	C4orf40
4	71062213	71070293	ODAM
11	69924408	70035634	ANO1
1	1321091	1334708	CCNL2
7	91741465	91772266	CYP51A1
20	44563267	44576662	PCIF1
3	48334754	48343175	NME6
8	85095022	85834079	RALYL
10	17184253	17244053	TRDMT1
9	79792269	80036457	VPS13A
1	40361098	40367928	MYCL1
20	44577292	44600833	ZNF335
8	98881068	99048944	MATN2
4	71108305	71117145	CSN3
8	86019323	86058315	LRRCC1
16	74485856	74641012	GLG1
7	3341080	4308632	SDK1
4	46037786	46126098	GABRG1
11	74975226	75062873	ARRB1
2	99613724	99771427	TSGA10
6	485133	693117	EXOC2
2	31395924	31456724	CAPN14
12	147073	149408	FAM138D
4	22694537	22821198	GBA3
9	18927656	19033251	FAM154A
9	69381812	69425560	ANKRD20A4
4	71296209	71348714	MUC7
14	55738021	55828636	FBXO34
4	71384257	71398459	AMTN
3	62384021	62861064	CADPS
11	64037302	64052176	BAD
2	99757948	99939204	C2orf15
1	1337288	1342693	MRPL20
20	44978167	44993043	SLC35C2
1	60452941	60539442	C1orf87
1	61330931	61928465	NFIA
8	86089460	86129387	E2F5
9	19049372	19051019	RRAGA
2	31456880	31492313	EHD3
11	64037534	64056972	GPR137
2	74443369	74570541	SLC4A5
4	46995740	47428461	GABRB1
10	17270258	17279592	VIM
10	62629196	62761198	RHOBTB1
10	63166401	63213208	TMEM26
1	1370241	1378262	VWA1
20	44994688	45061704	ELMO2
6	97372496	97588630	KLHL32
3	48413709	48442666	FBXW12
11	70049269	70053496	FADD
8	99037079	99058697	RPL30
6	655939	656963	HUS1B
8	62413115	62627199	ASPH
8	182137	197342	ZNF596
4	77079890	77135046	SCARB2
1	40942887	40962015	ZNF642
1	40974413	40982228	DEM1
4	7967039	8160559	ABLIM2
4	77135193	77232282	FAM47E
8	99129525	99172062	POP1
1	40997233	41013841	ZNF684
10	31607424	31821599	ZEB1
11	64058774	64072241	KCNK4
15	86302554	86338261	KLHL25
10	64571756	64679660	EGR2
8	99413631	99955055	STK3
3	75955846	77699115	ROBO2
15	50716577	50793280	USP8
1	62920399	63153969	DOCK7
2	74588281	74619214	DCTN1
16	82660408	83830204	CDH13
5	9629109	9630463	TAS2R1
5	10226442	10250009	FAM173B
10	17360382	17496386	ST8SIA6
8	63927638	63951730	GGH
10	17631958	17659376	PTPLA
20	45523263	45817492	EYA2
8	63961112	63998612	TTPA
15	50792759	50838905	USP50
15	67356101	67487533	SMAD3
9	80037995	80263223	GNA14
12	83080659	83528649	TMTC2
7	83587659	84122040	SEMA3A
8	2792992	4852494	CSMD1
5	10250033	10266524	CCT5
10	17686124	17757913	STAM
4	77356253	77704406	SHROOM3
15	50844670	50979012	TRPM7
9	80331003	80646374	GNAQ
1	63063158	63071830	ANGPTL3
8	65492814	65496181	BHLHE22
8	65500320	65711318	CYP7B1
14	94908801	94919127	SERPINA11
7	84624869	84816171	SEMA3D
5	10275987	10308138	CMBL
1	63833261	63904233	ALG6
14	56584532	56768244	PELI2
6	12514342	12515006	RPL15P3
14	94929054	94946026	SERPINA9
1	41972036	42501596	HIVEP3
1	42619092	42621495	GUCA2B
1	42628362	42630389	GUCA2A
3	78646390	79816965	ROBO1
2	27346682	27353680	ABHD1
1	63906441	64059392	ITGB3BP
8	6264113	6501144	MCPH1
17	2496504	2588888	PAFAH1B1
4	48068410	48136273	TXK
2	74641304	74648718	C2orf81
7	86506222	86689015	KIAA1324L
1	63989043	64038364	EFCAB7
3	48481667	48485616	CCDC72
4	48137800	48271881	TEC
8	87354967	87490649	WWP1
2	74648805	74652882	WDR54
8	6835171	6837602	DEFA1
1	43148098	43168023	YBX1
2	27353624	27357543	PREB
8	6873391	6875823	DEFA3
9	20341663	20622542	MLLT3
8	7286410	7287870	DEFB103B
2	24714783	24993571	NCOA1
9	82186688	82341658	TLE4
14	94953611	94984181	SERPINA12
14	95027428	95036250	SERPINA4
11	64067863	64072242	C11orf20
8	67039131	67087720	TRIM55
22	47158518	47571336	TBC1D22A
14	95027779	95059457	SERPINA5
2	74652963	74669549	RTKN
11	64085560	64089283	PRDX5
9	20658308	20995954	KIAA1797
3	85008132	86123579	CADM2
1	64936428	65158741	CACHD1
8	7679488	7681411	DEFB105A
8	7682694	7686575	DEFB106A
8	7693993	7698764	DEFB104A
8	7705398	7726389	SPAG11A
5	35048861	35230794	PRLR
15	79252289	79383115	RASGRF1
8	67088620	67090960	CRH
11	64073044	64084215	ESRRA
1	43198764	43205925	CLDN19
1	43212006	43232755	LEPRE1
4	72053003	72437804	SLC4A4
8	7738726	7740186	DEFB103A
1	65298912	65432187	JAK1
8	8640864	8751155	MFHAS1
10	18429606	18830798	CACNB2
5	10971952	11904155	CTNND2
2	27359723	27362278	C2orf53
1	43232940	43264127	C1orf50
2	27371872	27376378	TCF23
2	27422455	27435826	SLC5A6
3	48509197	48542259	SHISA5
15	62682725	63136830	TLN2
8	9911778	10286401	MSRA
15	79724858	79764632	KIAA1024
11	64107690	64125006	CCDC88B
3	3168600	3192563	TRNT1
5	35617946	35814713	SPEF2
16	57220049	57274387	RSPRY1
10	32735041	32863501	CCDC7
2	25042038	25142708	ADCY3
8	87878670	88627447	CNBD1
14	30045687	30661104	PRKD1
15	68346517	68483096	PIAS1
16	57279010	57287516	ARL2BP
2	65537985	65659771	SPRED2
16	57290004	57318599	PLLP
2	25166505	25194963	DNAJC27
3	3190676	3221394	CRBN
8	90769975	90803291	RIPK2
8	67540722	67579452	VCPIP1
8	67579831	67774257	SGK3
5	13690440	13944652	DNAH5
11	64126620	64139687	RPS6KA4
9	5334969	5339873	RLN1
3	48555117	48599448	PFKFB4
9	5357973	5437878	C9orf46
11	76368568	76381791	LRRC32
15	52043758	52108565	TMOD2
3	88039846	88042919	HTR1F
3	88101094	88199035	CGGBP1
15	52121825	52239492	TMOD3
4	73146686	73434516	ADAMTS3
4	26578059	26756973	TBC1D19
9	5450503	5470566	CD274
10	20105168	20569286	PLXDC2
8	67579850	67597799	C8orf44
4	73921797	73935472	COX18
2	27434895	27440046	C2orf28
2	33172039	33624576	LTBP1
6	4021501	4065217	PRPF4B
9	71736224	71870124	TJP2
3	3742498	4508965	SUMF1
9	85594500	85678092	RASEF
2	27440258	27466660	CAD
4	73939093	74124515	ANKRD17
4	26859300	27027003	STIM2
4	79697496	79837526	BMP2K
3	49145479	49158371	USP19
5	93954052	94075141	ANKRD32
5	14143811	14532235	TRIO
4	52709166	52783003	DCUN1D4
7	92759368	92777682	SAMD9L
8	67974661	68108498	CSPP1
17	9813926	10101868	GAS7
7	92817899	92855837	HEPACAM2
11	67758575	67772452	UNC93B1
3	66119285	66438530	SLC25A26
2	33661391	33789817	RASGRP3
10	51026325	51130715	PARG
4	36067620	36246131	ARAP2
9	35681989	35691017	TPM2
20	49551404	49575092	DPM1
2	61293006	61391960	KIAA1841
8	91803778	91971636	NECAB1
20	49575363	49577820	MOCS3
20	49620193	49639666	KCNG1
9	72324438	72374875	PTAR1
8	68085747	68255912	ARFGEF1
1	43803475	43818443	MPL
1	43824599	43828874	CDC20
1	43829068	43833697	ELOVL1
1	1656277	1677431	SLC35E2
10	51371390	51732941	TIMM23B
1	43849588	43855479	MED8
14	96671016	96710666	BDKRB2
10	34398488	35104253	PARD3
9	72435709	72521148	C9orf135
8	68334360	68658620	CPA6
8	13947373	15095848	SGCZ
3	3841121	3889387	LRRN1
8	15274724	15624158	TUSC3
1	1682671	1711896	NADK
10	51464162	51486327	AGAP7
4	53460340	53525502	USP46
9	86451613	86536342	KIF27
9	35696945	35732392	TLN1
2	68592305	68624585	PLEK
4	37828255	37864558	PGM2
20	51588946	52107617	TSHZ2
3	4535032	4889524	ITPR1
2	68689486	68694390	FBXO48
2	68694693	68858004	APLF
9	86553226	86571901	C9orf64
3	96533425	97471304	EPHA6
5	36876861	37066515	NIPBL
8	16884747	16980153	EFHA2
8	69242957	69731257	C8orf34
10	51565108	51590734	NCOA4
4	37892708	38140796	TBC1D1
9	27948076	28670283	LINGO2
8	17013538	17082308	ZDHHC2
8	70378859	70573150	SULF1
9	32384601	32450834	ACO1
10	12391481	12877545	CAMK1D
9	86582998	86595569	HNRNPK
10	12938627	13141652	CCDC3
20	54944445	54967393	AURKA
4	81256874	81884910	C4orf22
10	51592080	51623365	TIMM23
2	61372243	61391964	C2orf74
9	35732332	35737001	CREB3
8	17155539	17271037	MTMR7
8	17354597	17428082	SLC7A2
4	2271309	2420390	ZFYVE28
20	54967427	54979518	CSTF1
3	50400233	50541675	CACNA2D2
9	35736863	35749983	GBA2
20	54987168	55034396	CASS4
7	92861653	92988338	CCDC132
5	37106330	37249530	C5orf42
20	55204358	55214339	TFAP2C
4	38825336	38858438	TLR6
4	38869298	38947360	FAM114A1
10	70587298	70655188	STOX1
9	35749203	35758572	RGP1
10	70661034	70706603	DDX50
9	35752987	35756610	MSMP
9	86595626	86618985	RMI1
3	97595819	97663810	CRYBG3
5	94987885	95034415	SPATA9
12	91444268	91451760	KERA
12	91496406	91505608	LUM
10	70715884	70744829	DDX21
10	23384435	23410942	MSRB2
10	23481256	23483181	PTF1A
10	23492745	23539610	C10orf115
14	32798479	33300567	AKAP6
5	95049226	95160087	RHOBTB3
10	23983675	24836772	KIAA1217
3	98188324	98189420	OR5K1
3	98216448	98217496	OR5K2
3	98216756	98241910	CLDND1
5	37379314	37753537	WDR70
10	70748487	70776738	KIAA1279
12	54332535	54340328	HOXC13
14	33404139	34273382	NPAS3
14	99635624	99737861	BCL11B
12	92536286	92539673	BTG1
14	99864083	99947216	SETD3
9	36036430	36124448	RECK
12	93096619	93102325	C12orf74
2	69688532	69901481	AAK1
10	35535953	35860852	CCNY
16	85645015	85709810	KIAA0182
3	98250743	98251960	GPR15
14	99947506	100001381	CCNK
11	289135	296107	ATHL1
11	298200	299526	IFITM5
11	307631	315272	IFITM2
3	48599160	48601206	UCN2
3	48601506	48632700	COL7A1
11	313506	315272	IFITM1
15	71389291	72075722	THSD4
5	95865525	96115299	CAST
11	319669	321340	IFITM3
11	369796	382116	B4GALNT4
12	54558529	54582778	SMUG1
14	99977603	100070363	CCDC85C
11	392614	404908	PKP3
2	25600067	25896503	DTNB
3	49158547	49170551	LAMB2
10	98124363	98273675	TLL2
12	54624724	54673955	CBX5
10	98277866	98347209	TM9SF3
9	36572859	36677678	MELK
10	43278249	43326856	BMS1
3	49199968	49203754	CCDC71
3	49209044	49213918	KLHDC8B
5	78668459	78810040	HOMER1
3	50648951	50686720	MAPKAPK3
10	98353069	98480271	PIK3AP1
3	49235861	49295537	CCDC36
3	50712672	51421629	DOCK3
2	26256976	26360323	RAB10
12	54685895	54694905	NFE2
19	8953269	8954016	MBD3L1
19	8959520	9092018	MUC16
17	53796988	53809482	TMEM100
17	53828340	53920191	PCTP
17	80477589	80602538	FOXK2
17	80572438	80606429	WDR45L
3	49506146	49573048	DAG1
14	92588281	92630755	CPSF2
17	30771502	30809398	PSMD11
17	30813637	30818274	CDK5R1
17	30819628	31203902	MYO1D
3	49591922	49708978	BSN
11	62623518	62656352	SLC3A2
7	94989256	95025680	PON3
7	95034175	95064510	PON2
11	71900602	71907345	FOLR1
16	85709804	85722605	GINS2
11	71927645	71932994	FOLR2
11	62676151	62689279	CHRM1
7	95107756	95169544	ASB4
7	95212811	95225828	PDK4
2	27805897	27858041	ZNF512
7	95401866	95739634	DYNC1I1
2	27848506	27851879	CCDC121
2	27851114	27874375	GPN1
17	32582313	32584222	CCL2
7	95749532	95951459	SLC25A13
17	32597240	32599261	CCL7
2	27873679	27886676	SUPT7L
2	27886338	27917840	SLC4A1AP
16	85741123	85784689	C16orf74
7	96745902	96811075	ACN9
2	28004231	28113965	RBKS
7	97361220	97369784	TAC1
11	71934745	71950149	INPPL1
11	71950121	71956708	PHOX2A
11	72003469	72145692	CLPB
16	87362942	87425748	FBXO31
2	28112808	28561768	BRE
11	63448918	63527363	RTN3
7	97613996	97620481	OCM2
2	28680012	28866654	PLB1
11	72396114	72504644	ARAP1
17	56422539	56429563	SUPT4H1
17	56429861	56494480	RNF43
17	56497529	56565759	HSF5
12	95611522	95696566	VEZT
17	39593529	39597173	KRT38
17	39616063	39623681	KRT32
11	63580860	63595190	C11orf84
17	39632941	39637392	KRT35
2	71035775	71047732	CLEC4F
2	71057347	71062952	CD207
2	71127720	71160576	VAX2
16	88519725	88601572	ZFPM1
11	72465774	72505213	STARD10
11	72525353	72554719	ATG16L2
2	29179477	29275096	FAM179A
12	96051583	96184930	NTN4
2	29284556	29297127	C2orf71
2	29320560	29412509	CLIP4
12	96252706	96297606	SNRPF
12	96260826	96336752	CCDC38
2	71409869	71454213	PAIP2B
2	71503691	71662199	ZNF638
19	30302805	30315215	CCNE1
11	72547790	72853306	FCHSD2
2	29415640	30144432	ALK
2	71680852	71913898	DYSF
17	61086898	61505067	TANC2
1	46085716	46089729	CCDC17
1	46092976	46153785	GPBP1L1
1	46152886	46160115	TMEM69
1	46159996	46216322	IPP
1	46252659	46501896	MAST2
17	39642388	39648798	KRT36
17	39657233	39661849	KRT13
17	39669995	39678781	KRT15
17	39679869	39684560	KRT19
17	70642086	71088853	SLC39A11
17	40976443	40995775	PSME3
17	40996609	41002722	AOC2
17	41003201	41010138	AOC3
17	41052815	41065386	G6PC
19	43670408	43690688	PSG5
19	43696854	43709926	PSG4
19	43757434	43773682	PSG9
17	42754805	42767165	CCDC43
17	42785976	42829632	DBF4B
1	46505812	46642160	PIK3R3
17	45973516	46006323	SP2
17	46018889	46026673	PNPO
17	46047900	46059147	CDK5RAP3
17	46210802	46507594	SKAP1
17	46626232	46682274	HOXB3
17	37026256	37078023	LASP1
17	37092685	37123655	FBXO47
1	47011316	47017199	KNCN
1	47023090	47082515	MKNK1
17	46652875	46657473	HOXB4
17	46668619	46671323	HOXB5
17	46671639	46682354	HOXB6
17	46684594	46710934	HOXB7
17	46688739	46692478	HOXB8
17	46698518	46703839	HOXB9
17	5185558	5289129	RABEP1
1	48998527	50489585	AGBL4
1	50905150	51425935	FAF1
1	52042851	52254889	OSBPL9
17	6297013	6338519	AIPL1
17	6347735	6354789	FAM64A
17	6354584	6459814	PITPNM3
19	48774654	48790863	ZNF114
19	48799714	48825130	CCDC114
19	48828629	48833810	EMP3
19	48835613	48867197	TMEM143
19	49403307	49426528	NUCB1
1	53971910	54199877	GLIS1
1	54231133	54304533	TMEM48
1	54317392	54356407	YIPF1
17	48445218	48450575	MRPL27
17	48450581	48458844	EME1
17	48452420	48474914	LRRC59
17	48503519	48552206	ACSF2
17	48541857	48546327	CHAD
2	86362993	86363129	SNORD94
5	40832758	40832837	SNORD72
9	19063654	19063784	SCARNA8
16	71792305	71792390	SNORD71
X	153628622	153628756	SNORA70
1	40033046	40033180	SNORA55
1	155889700	155889836	SNORA42
1	173836809	173836888	SNORD74
17	7478031	7478165	SNORA48
17	7481273	7481409	SNORA67
17	58308877	58309007	SCARNA20
3	186505089	186505220	SNORA63
4	53579416	53579537	SNORA26
8	56986394	56986460	SNORD54
8	99054314	99054445	SNORA72
11	8705774	8705903	SNORA3
11	9450320	9450501	SNORA23
11	62432894	62433042	SNORA57
11	62620382	62620507	SNORD22
11	62620797	62620867	SNORD31
11	62621135	62621204	SNORD30
11	62621376	62621440	SNORD29
11	62622093	62622167	SNORD28
11	62622484	62622555	SNORD27
11	62622764	62622838	SNORD26
11	62623040	62623102	SNORD25
HG1091_PATCH	59735036	61237194	FHIT
HG1257_PATCH	72344322	72416397	POM121
HG1257_PATCH	73057618	73088967	MLXIPL
HG1257_PATCH	73132249	73136536	VPS37D
HG1257_PATCH	73146695	73147877	DNAJC30
HG1257_PATCH	73147449	73169585	WBSCR22
HG1257_PATCH	74997724	75203386	HIP1
HG1257_PATCH	75233957	75254320	CCL26
HG1257_PATCH	75276089	75287780	CCL24
HG348_PATCH	94822976	94865811	ENDOD1
LRG_123	5001	18020	UNC93B1
LRG_147	5001	17572	G6PC
LRG_162	5001	192076	PRKDC
LRG_207	5001	149245	SGCG
LRG_208	5001	1153420	SGCZ
LRG_22	5001	8058	C1QA
LRG_228	5001	9240	FADD
LRG_23	5001	13348	C1QB
LRG_24	5001	9486	C1QC
LRG_243	5001	44469	GARS
LRG_267	5001	520541	SBF2
LRG_27	5001	47817	C3
LRG_283	5088	221929	LEPR
LRG_287	5001	409120	KCNQ1
LRG_331	5001	174799	AKAP9
LRG_4	5001	38816	CRTAP
LRG_5	5001	25750	LEPRE1
LRG_50	5001	49182	CTSC
LRG_56	5001	51972	DNMT3B
LRG_63	5001	17116	GFI1
LRG_85	5001	81575	MRE11A
LRG_94	5001	10428	PRF1
