Chromosome	Start	End	Gene
14	54765688	54774632	UBE2L7P
8	7157778	7164883	DEFB109P1
8	57148952	57149014	SNORD54
5	78842013	78842476	RPL29P15
7	38266214	38271804	TRGV9
7	38297742	38298204	TRGV11
7	38323143	38323618	TRGV9
7	38355481	38355950	TRGV5
7	38364638	38365105	TRGV3
3	55667516	55668123	C3orf51
12	64717273	64717761	RPL21P18
12	64914120	64915241	RBMS1P
6	64383691	64384264	RPL9P18
6	12622292	12622993	RPL15P3
1	27848517	27848708	CCDC72
6	28168305	28168598	ZSCAN12L1
6	30490471	30495075	MICC
c6_COX	28847846	28848733	RPSAP2
c6_COX	30571408	30572935	TMPOP1
c6_COX	30573776	30575145	SUCLA2P
8	6795658	6796531	DEFA8P
8	6804221	6805093	DEFA9P
8	6813073	6814045	DEFA10P
8	6967789	6968636	RPS3AP6
9	40053116	40053806	VN2R4P
9	40361838	40362540	VN2R5P
1	58286435	58287551	HNRNPA1L1
1	93428885	93429205	RPL36AP11
20	44037295	44038121	FTLP
20	54709300	54709977	PTMAP6
22	15248420	15251613	ABCD1P4
1	16440295	16440480	MTL1
1	27554257	27565970	MAP3K6
1	1236828	1249909	CPSF3L
1	1250006	1254139	GLTPD1
1	1256589	1260550	TAS1R3
1	1260522	1274623	DVL1
1	1277935	1286506	MXRA8
1	1298973	1300443	AURKAIP1
1	1311738	1324560	CCNL2
1	1327164	1332524	MRPL20
1	1360772	1366008	VWA1
1	1624029	1645637	CDC2L2
1	1646137	1667291	SLC35E2
1	1672531	1701368	NADK
1	2242556	2346079	MORN1
1	2313074	2326734	RER1
1	2326103	2333870	PEX10
1	2397614	2426829	PLCH2
1	2429835	2447895	PANK4
1	2450046	2451544	HES5
1	2927906	2929325	ACTRT2
1	6767971	7752350	CAMTA1
1	8928509	8957733	CA6
1	8985946	9008991	SLC2A7
1	9019594	9052257	SLC2A5
1	9635266	9637231	C1orf200
1	9634377	9711759	PIK3CD
1	9711667	9807137	CLSTN1
8	172200	187342	ZNF596
12	18150	19673	FAM138D
15	18848558	18971443	HERC2P2
12	46310	157881	IQSEC3
1	12550526	12600381	DHRS3
12	169513	193068	SLC6A12
12	200052	242263	SLC6A13
8	2780282	3258996	CSMD1
1	13514560	13521575	PRAMEF15
8	6251529	6493434	MCPH1
1	13540856	13546098	PRAMEF14
1	13567476	13570992	PRAMEF19
1	13588687	13591651	PRAMEF17
4	483010	523317	PIGG
c6_COX	30594358	30599096	HLA-E
5	324736	491392	PDCD6
8	6822581	6825012	DEFA1
1	15435808	15597210	FHAD1
5	665405	706664	CEP72
8	6832110	6844117	DEFT1P
18	5944705	6404910	L3MBTL4
8	6860805	6863226	DEFA3
13	19875809	19998012	CRYL1
8	7132324	7135886	FAM90A5
8	7139946	7142956	FAM90A20
8	7218046	7222432	DEFB108P1
3	3143600	3165702	TRNT1
8	7273901	7275280	DEFB103A
18	7557817	8396859	PTPRM
3	3166698	3196390	CRBN
3	3844104	4483954	SUMF1
3	3816121	3864387	LRRN1
11	279135	285688	ATHL1
3	4510034	4864286	ITPR1
15	24799263	25451622	GABRG3
8	7716940	7718774	DEFB105A
11	288203	289526	IFITM5
11	298163	299395	IFITM2
8	7720104	7723985	DEFB106A
8	7731403	7736178	DEFB104A
8	7742812	7758728	SPAG11A
11	301317	305271	IFITM1
11	309678	310848	IFITM3
8	7776136	7777515	DEFB103B
3	4996208	5001861	BHLHE40
8	7789609	7791647	DEFB4
11	359804	372116	B4GALNT4
11	384217	394907	PKP3
3	5138930	5197597	ARL8B
13	22653091	22797304	SGCG
8	7885347	7892453	DEFB109P1
13	22800965	22883652	SACS
3	5204433	5236642	EDEM1
5	1930549	1935880	IRX4
8	8679409	8788541	MFHAS1
13	23202329	23361559	MIPEP
3	8636281	8698757	C3orf32
15	26677450	26729449	HERC2P2
18	10444625	10478692	APCDD1
8	9949189	10323803	MSRA
18	10516031	10540371	NAPG
15	27347645	27349325	NDNL2
3	8997278	9266311	SRGAP3
14	20429402	20430347	RNASE3
1	16397186	16411691	ARHGEF19
12	3627370	3732524	EFCAB4B
7	1821956	2239404	MAD1L1
12	3786511	3852863	PARP11
1	16427757	16428681	C1orf134
1	16430782	16436178	C1orf89
1	16449147	16551535	FBXO42
5	9682115	9683467	TAS2R1
5	10279438	10303014	FAM173B
5	10303282	10319501	CCT5
4	2241123	2390167	ZFYVE28
15	29080845	29181216	TRPM1
5	10330707	10361168	CMBL
13	24719372	24759627	MTMR6
22	18243040	18309359	TXNRD2
13	24773666	24814561	NUPL1
5	11024978	11957110	CTNND2
22	18309256	18336539	COMT
20	1462897	1487489	SIRPD
5	13745039	13997589	DNAH5
20	1493029	1548689	SIRPB1
22	18337421	18384309	ARVCF
5	14196829	14563310	TRIO
9	460291	736105	KANK1
6	430139	638109	EXOC2
7	2734271	2850485	GNA12
6	600939	601944	HUS1B
13	25726756	25876569	CDK8
17	2444011	2535638	PAFAH1B1
7	2912295	3050105	CARD11
10	1218073	1769670	ADARB2
3	9883399	9895740	CIDEC
9	2005342	2183624	SMARCA2
7	3307606	4275158	SDK1
3	9907272	9911029	JAGN1
13	26538293	26643881	USP12
3	9911358	9933079	IL17RE
1	17954395	18026145	ACTL8
1	18306827	18577563	IGSF21
8	13991744	15140219	SGCZ
1	19038680	19058742	TAS1R2
3	9933782	9950313	IL17RC
8	15442101	15666366	TUSC3
1	19070513	19101659	ALDH4A1
5	19508898	20024096	CDH18
3	9950506	9979367	CRELD1
20	2465253	2570430	TMC2
5	21786732	22889488	CDH12
3	9962226	9969058	PRRT3
3	9980637	10003524	TMEM111
4	3738094	3740051	ADRA2C
5	24522967	24680668	CDH10
8	16929119	17024516	EFHA2
8	17058402	17124612	ZDHHC2
8	17199923	17315207	MTMR7
5	31498532	31590043	C5orf22
8	17398975	17472357	SLC7A2
3	10265372	10297900	TATDN2
5	31834788	32146794	PDZD2
19	1527678	1543652	MBD3
3	10302438	10309601	GHRL
13	27774389	27967265	FLT1
19	1548180	1556431	UQCR
19	1560293	1601277	TCF3
4	5104428	5553626	STK32B
4	5577784	5580426	C4orf6
3	10340707	10724716	ATP2B2
4	5595759	5762176	EVC2
6	3927908	3929363	C6orf50
6	3966568	4010216	PRPF4B
3	10832917	10955146	SLC6A11
3	11009440	11055927	SLC6A1
13	29674768	29779584	KATNAL1
5	33972246	33974099	RXFP3
5	33980481	34020537	SLC45A2
2	1771894	2314052	MYT1L
5	34023069	34160396	AMACR
9	5324969	5329873	RLN1
9	5347973	5427878	C9orf46
9	5440559	5471569	CD274
15	37880223	38000385	GPR176
4	6373214	6525227	PPP2R2C
10	5126583	5139878	AKR1C3
3	12304070	12450855	PPARG
10	5444518	5490401	NET1
13	31211674	31275009	RXFP2
10	5530660	5531518	CALML5
2	3683660	3728136	ALLC
10	5556924	5558225	CALML3
5	35084621	35266334	PRLR
2	6974974	7101761	RNF144A
2	8736426	8742034	ID2
4	8018929	8211381	ABLIM2
5	35653746	35850469	SPEF2
2	8786511	8895181	KIDINS220
9	8304246	9008735	PTPRD
1	21005559	21375927	EIF4G3
18	22288872	22463204	KCTD1
2	9641552	9688557	YWHAQ
8	18429093	18915476	PSD3
13	34414456	35144873	NBEA
8	19215483	19297594	SH2D4A
8	19305952	19584374	CSGALNACT1
5	36912649	37101678	NIPBL
11	2422797	2826915	KCNQ1
18	27152050	27191392	DSG1
8	19840870	19869050	LPL
6	10537582	10543041	C6orf218
6	10600442	10737586	GCNT2
1	21795302	21868390	RAP1GAP
18	27210738	27247877	DSG4
2	10360491	10485193	HPCAL1
5	37142087	37237668	C5orf42
18	27281730	27312661	DSG3
13	34946404	34949346	MAB21L1
2	10497959	10505904	ODC1
6	10779641	10802828	C6orf52
6	10803174	10817954	PAK1IP1
15	39058373	39195643	INO80
6	10831324	10839338	TMEM14C
1	21877378	21982275	USP48
13	35699180	35769961	C13orf38
5	37415169	37788529	WDR70
9	14607036	14683474	ZDHHC21
6	10856024	10865200	TMEM14B
13	35773777	35818453	SPG20
9	14709731	14712715	CER1
6	10870942	10946714	MAK
3	14835583	14950899	FGD5
7	7974948	8095232	GLCCI1
9	14727150	14900353	FREM1
5	38294290	38501338	EGFLAM
3	14964095	15065784	NR2C2
1	22011345	22024301	LDLRAD2
1	22021325	22136297	HSPG2
3	15065024	15081820	MRPS25
6	11291520	11341677	NEDD9
7	8440110	8759118	NXPH1
6	11645924	11691743	TMEM170B
2	11501952	11523748	E2F6
7	12337036	12376543	VWDE
5	39141115	39255424	FYB
17	5126331	5227242	RABEP1
6	13413165	13448166	TBC1D7
9	16399501	16860786	BNC2
18	30327279	30725806	DTNA
6	13466041	13595766	GFOD1
5	40747439	40791829	TTC33
5	40795238	40834054	PRKAA1
9	17569194	17787118	SH3GL2
1	22835705	22838762	C1QA
4	16112265	16509425	LDB2
22	22629605	22633393	GSTT2B
1	22842713	22847190	C1QC
4	17097121	17122811	QDPR
22	22639026	22644747	DDTL
5	40867187	40871144	RPL37
22	22643555	22652660	DDT
1	22852269	22860616	C1QB
7	14151199	14909359	DGKB
4	17125886	17137825	CLRN2
1	22909918	23114410	EPHB2
12	8689807	8706700	MFAP5
22	22652314	22656102	GSTT2
22	22674268	22677258	GSTTP1
9	18917890	19023251	FAM154A
8	22188772	22269529	PIWIL2
6	14225844	14245128	CD83
12	8741900	8821533	RIMKLB
9	19039372	19041019	RRAGA
20	6696745	6708910	BMP2
9	19043142	19092902	FAM29A
8	22280737	22347462	SLC39A14
17	6267784	6279243	AIPL1
3	19165021	19552137	KCNH8
5	41765925	41906548	OXCT1
12	8958583	8985325	PHC1
17	6288492	6295108	FAM64A
13	38815033	39075356	LHFP
6	16237296	16256458	MYLIP
17	6299347	6400601	PITPNM3
12	8984243	8993519	M6PR
6	16346790	16403759	GMPR
5	42459783	42757682	GHR
4	20339328	21559402	KCNIP4
18	31806586	31813239	C18orf21
2	18599489	18634319	RDH14
7	17304832	17352294	AHR
18	31823785	31901491	RPRD1A
5	43075258	43079029	C5orf39
1	23826411	23839643	MDS2
6	17708565	17719928	FAM8A1
6	17723248	17814797	NUP153
4	22303688	22430289	GBA3
7	18501894	19003518	HDAC9
13	40404170	40491450	ELF1
9	20334968	20612514	MLLT3
20	9466036	9767689	PAK7
10	12431738	12911741	CAMK1D
3	23822443	23907792	UBE2E1
9	20648308	20985954	KIAA1797
10	12978633	13181658	CCDC3
8	22601119	22606760	EGR3
3	23908578	23933541	NKIRAS1
11	5230996	5623595	HBG2
3	23933643	23937334	RPL15
13	40783416	40849162	NARG1L
8	22913059	22933655	RHOBTB2
8	22933598	22982637	TNFRSF10B
5	44340831	44424623	FGF10
3	23961810	23996240	NR1D2
11	5246158	5483423	HBE1
1	24000955	24025264	HMGCL
13	40929542	40943013	C13orf15
8	22997813	23030895	TNFRSF10C
11	5400959	5446519	OR51I1
2	20510316	20512681	RHOB
1	24044161	24067408	FUCA1
11	5431295	5466375	OR51I2
8	23049051	23077485	TNFRSF10D
11	5466513	5467469	OR52D1
11	5485108	5487744	UBQLN3
11	5492199	5494511	UBQLNL
8	23104916	23138584	TNFRSF10A
11	5505936	5529584	OR52H1
1	24073047	24112404	CNR2
3	25190893	25614424	RARB
1	24158905	24162515	PNRC2
8	23157095	23175450	CHMP7
5	50714715	50726308	ISL1
1	24163881	24179408	FUSIP1
12	9713576	9743306	CLEC2D
2	23718946	23783038	KLHL29
5	52320913	52426365	ITGA2
5	52427266	52441336	MOCS2
12	9766361	9777127	CLECL1
14	29115436	29466699	PRKD1
20	13318037	13567583	TASP1
4	26194644	26366013	TBC1D19
5	52812174	52817659	FST
5	52892242	53014922	NDUFS4
4	26471561	26636101	STIM2
13	42360123	42464377	EPSTI1
22	24895440	25108010	SEZ6L
6	22677657	22678729	HDGFL1
13	42495362	42581304	DNAJC15
4	35744017	35922374	ARAP2
13	42685704	43259044	ENOX1
13	43309379	43351827	CCDC122
4	37504737	37540953	PGM2
13	43845978	43869849	SERP2
10	14901255	14920580	ARMETL1
6	24536384	24597829	GPLD1
13	43905661	44048701	TSC22D1
10	14920231	14953744	HSPA14
4	37569115	37817191	TBC1D1
6	24603176	24645414	ALDH5A1
5	54756442	54866630	PPAP2A
2	24568305	24847075	NCOA1
6	24652311	24754362	KIAA0319
11	6360165	6397220	APBB1
9	27938076	28660283	LINGO2
9	32374618	32440834	ACO1
4	38504618	38507555	TLR6
4	38545832	38621819	FAM114A1
21	42032614	42060335	RIPK4
11	6368231	6372801	SMPD1
14	31868274	32372018	AKAP6
11	6408858	6418830	HPX
21	42091454	42172660	PRDM15
22	26577658	26645255	PITPNB
2	24895545	24995559	ADCY3
11	6426423	6451790	TRIM3
8	26418113	26427400	PNMA2
14	32478200	33343133	NPAS3
8	26491327	26571607	DPYSL2
2	25020009	25048435	DNAJC27
3	32255175	32386815	CMTM8
3	32408167	32485079	CMTM7
3	32542473	32587346	DYNC1LI1
10	15293652	15453064	FAM171A1
6	25953307	25990493	SLC17A3
8	27224916	27372820	PTK2B
6	26020970	26038818	SLC17A2
3	33013104	33113698	GLB1
18	44319425	44643576	KIAA0427
6	26071254	26093327	TRIM38
5	58300629	59320301	PDE4D
2	25453616	25750007	DTNB
17	7403807	7426066	EIF4A1
3	33106921	33113297	TMPPE
3	33130483	33164269	CRTAP
3	33166541	33235711	SUSD5
3	33293938	33403121	FBXL2
13	46025304	46222786	LRCH1
3	33404835	33456874	UBP1
7	25124802	25131480	CYCS
8	27491966	27528215	CLU
13	46243393	46269368	ESD
3	33512745	33734852	CLASP2
7	25140841	25186498	C7orf31
2	26110478	26213782	RAB10
10	16905971	17211822	CUBN
8	27547304	27590211	SCARA3
11	6898809	6899801	OR2D3
11	6904230	6962045	ZNF215
9	33374765	33392517	AQP7
5	60852928	60877754	ZSWIM6
11	6977125	6998162	ZNF214
9	33431161	33437590	AQP3
11	6998276	7049333	NLRP14
15	41950257	42274700	FRMD5
10	17224988	17283687	TRDMT1
9	33451354	33463941	NOL6
7	26298040	26380474	SNX10
7	26673215	26870866	SKAP2
8	27783672	27906117	SCARA5
10	17311250	17319591	VIM
8	27935607	27997307	C8orf80
5	63497427	63701397	RNF180
8	27999759	28104584	ELP3
1	26310913	26324608	PDIK1L
9	33911691	34038947	UBAP2
1	26358098	26361705	GRRP1
1	26369017	26371138	ZNF593
10	17400700	17536260	ST8SIA6
1	26376590	26388957	CNKSR1
8	28341848	28403754	FBXO16
10	17671971	17699379	PTPLA
8	28407692	28477878	FZD3
12	12401322	12511105	LOH12CR1
3	37259742	37383240	GOLGA4
1	26389706	26401620	CATSPER4
2	26840646	26857603	C2orf18
12	12520098	12606584	DUSP16
10	17726130	17797913	STAM
11	8087072	8147148	RIC3
2	26862386	26870961	CENPA
10	17834257	17882873	FAM23A
2	26924467	27024572	DPYSL5
11	8202433	8241982	LMO1
11	8369994	8572351	STK33
8	28980715	29176529	KIF13B
5	64997520	65053697	SGTB
5	65053834	65155143	NLN
7	27746239	27835911	TAX1BP1
18	50646706	50708124	RAB27B
18	50719792	50777635	CCDC68
10	18469612	18870797	CACNB2
7	27836726	28186962	JAZF1
7	28305465	28832036	CREB5
4	40120029	40326640	RBM47
19	6615568	6621599	TNFSF14
12	13605411	14024319	GRIN2B
22	28806163	28903064	HORMAD2
7	29001772	29201417	CPVL
19	6628846	6671662	C3
2	27200161	27207182	ABHD1
5	65927932	66501179	MAST4
4	40510996	40911245	APBB2
2	27207131	27211046	PREB
15	43481878	43613978	SPATA5L1
11	8998511	9069731	SCUBE2
15	43510055	43512937	C15orf48
2	27213219	27215836	C2orf53
15	43561974	43602294	SLC30A4
2	27225376	27229882	TCF23
11	9116957	9243447	DENND5A
10	20145174	20609292	PLXDC2
2	27275963	27288575	SLC5A6
4	41057559	41395746	LIMCH1
15	43590626	43636220	C15orf21
7	29812627	29923207	WIPF3
2	27288403	27293550	C2orf28
13	50813217	50834240	SERPINE3
11	9362780	9423651	IPO7
13	50833702	50925276	INTS6
7	29926273	29995902	SCRN1
3	38470794	38509637	ACVR2B
5	68425638	68461635	SLC30A5
2	27293762	27320158	CAD
7	30034566	30136621	PLEKHA8
3	38512860	38558441	EXOG
4	41440857	41445744	PHOX2B
7	30141077	30168906	C7orf41
4	41687280	41784307	SLC30A9
12	14958241	14982750	ERP27
8	31617043	32741608	NRG1
7	30430672	30484833	NOD1
12	14986217	15005829	ARHGDIB
12	15017245	15026066	PDE6H
4	41807714	41849652	BEND4
12	15151985	15265571	RERG
11	9756790	10272296	SBF2
12	15366754	15641602	PTPRO
7	30600706	30640168	GARS
3	38713841	38810505	SCN10A
11	10283219	10285518	ADM
7	30659388	30706244	CRHR2
1	27433746	27507322	WDTC1
1	27521276	27535477	TMEM222
6	28154551	28165320	ZNF165
18	54681041	54804663	ZNF532
3	39068511	39113153	WDR48
4	45732543	45820839	GABRG1
1	27541100	27553008	SYTL1
6	28217695	28233215	ZNF192
5	68700880	68746384	RAD17
3	39113154	39124858	GORASP1
11	10551214	10630360	MRVI1
8	35212845	35771722	UNC5D
12	16592574	16652291	LMO3
3	39124156	39155398	TTC21A
1	27578183	27582457	CD164L2
4	46728336	47123202	GABRB1
1	27591739	27594900	GPR3
1	27604713	27689256	WASF2
3	39158351	39170105	AXUD1
5	68746699	68773646	MARVELD2
1	27733133	27803275	AHDC1
10	23424433	23450948	MSRB2
5	68823875	68885887	OCLN
3	39279989	39298190	CX3CR1
10	23521466	23523185	PTF1A
1	27811390	27834314	FGR
5	68891830	68924107	GTF2H2C
10	23532751	23579616	C10orf115
7	31757318	32305466	PDE1C
10	24023681	24876778	KIAA1217
1	27865159	27871311	IFI6
4	47763167	47831030	TXK
4	47832557	47966571	TEC
2	27659397	27699465	ZNF512
12	20413464	20725148	PDE3A
2	27702010	27705383	CCDC121
13	59137718	59636120	DIAPH3
2	27705029	27727215	GPN1
2	27727183	27740011	SUPT7L
2	27739842	27771347	SLC4A1AP
10	26263008	26541471	MYO3A
13	59868592	60046012	TDRD3
10	26545242	26633493	GAD2
2	27857770	27966727	RBKS
2	27966986	28415272	BRE
9	35671990	35680053	TPM2
7	33135677	33612205	BBS9
13	65774970	66702578	PCDH9
15	48503871	48580572	USP8
9	35687336	35722369	TLN1
4	52404033	52477756	DCUN1D4
14	50511738	50632529	TRIM9
15	48580052	48626194	USP50
2	28572485	28720117	PLB1
11	13255901	13365389	ARNTL
9	35722317	35727004	CREB3
15	48639785	48766287	TRPM7
1	28399376	28432129	DNAJC8
9	35726864	35739225	GBA2
16	14437060	14640920	PARN
4	53155967	53203747	USP46
3	41263097	41978664	ULK4
1	28435198	28437196	ATPIF1
3	42107750	42242385	TRAK1
9	35739340	35747908	RGP1
11	13366134	13441414	BTBD10
9	35742990	35744278	MSMP
1	28458593	28481586	SESN2
3	42274321	42282666	CCK
13	73158151	73606067	KLF12
17	9754651	10042593	GAS7
3	42519121	42554064	VIPR1
5	72148171	72248316	TNPO1
3	42564479	42598432	SEC22C
2	29032981	29128600	FAM179A
12	22492808	22588719	KIAA0528
2	29138062	29150631	C2orf71
14	52178357	52232182	ERO1L
5	72287655	72422104	FCHO2
2	29174075	29266008	CLIP4
3	42607302	42611494	SS18L2
5	72452158	72463397	TMEM171
3	42617151	42665236	NKTR
7	36330284	36396259	KIAA0895
14	52243668	52264463	PSMC6
9	36026906	36114448	RECK
10	27524149	27571065	ACBD5
7	36395957	36459923	ANLN
15	49831102	49889634	TMOD2
2	29269144	29997029	ALK
13	75021928	75078067	UCHL3
3	42674852	42684076	ZBTB47
14	52266675	52311409	STYX
15	49909181	49989134	TMOD3
13	75092571	75343063	LMO7
3	42702015	42708942	KBTBD5
3	42709159	42718017	HHATL
18	61568468	61703356	CDH7
12	24855545	24993499	BCAT1
3	42724879	42789749	CCDC13
2	30523613	30720594	LCLAT1
12	25096508	25152535	LRMP
12	25140131	25239361	CASC1
2	30799141	30883816	CAPN13
7	37746521	37747438	GPR141
10	28861706	28949703	WAC
18	64616297	64873406	CCDC102B
3	43095735	43122569	C3orf39
2	31251051	31310228	CAPN14
11	15090546	15225328	INSC
3	43303008	43367634	SNRK
2	31310707	31344764	EHD3
3	43382344	43638564	ANO10
11	15948371	16454494	SOX6
17	11442473	11813856	DNAH9
9	36562873	36667678	MELK
3	43707379	43735295	ABHD5
7	38389832	38637545	AMPH
20	30754166	30794922	COMMD7
12	26003229	26124091	RASSF8
14	54104387	54325595	SAMD4A
20	30813852	30860822	DNMT3B
16	15950935	16144432	ABCC1
10	29617996	29640163	LYZL1
8	39911631	39993067	IDO2
11	16765791	16992535	PLEKHA7
10	29786283	30064736	SVIL
22	34025861	34073973	TOM1
11	17052515	17055796	RPS13P2
12	26239789	26277134	SSPN
7	38730068	38915325	VPS41
22	34107087	34120194	HMOX1
18	69966766	69977000	C18orf55
18	70071508	70110201	CYB5A
22	34126116	34150494	MCM5
3	44601460	44612561	ZNF660
3	44630802	44664967	ZNF197
19	8814332	8814995	MBD3L1
15	53398425	53435137	PIGB
15	53434730	53487866	CCPG1
3	44665237	44677286	ZNF35
10	31648148	31856740	ZEB1
19	8885135	8952814	MUC16
7	40141100	40866882	C7orf10
15	53497250	53587724	DYX1C1
14	54807832	54890080	FBXO34
2	33025543	33478080	LTBP1
11	17467090	17522539	USH1C
17	14145175	14193444	HS3ST3B1
15	53906423	54073345	NEDD4
18	72201218	72336134	ZNF516
1	31542429	31610370	ZCCHC17
11	17525951	17625273	OTOG
2	33514895	33643321	RASGRP3
13	92677711	93853948	GPC6
1	31610687	31618510	FABP3
1	31654999	31680111	SERINC2
15	54709671	54813576	ZNF280D
14	55654846	55837783	PELI2
10	32775047	32903498	CCDC7
11	18058469	18084214	SAAL1
11	18090596	18094255	SAA3P
11	18099078	18116599	MRGPRX3
4	68601511	68678182	TMPRSS11F
4	68608907	68611610	SYT14L
8	42247986	42309122	IKBKB
18	75256760	75390310	NFATC1
17	15875443	16059570	NCOR1
8	42315166	42348482	POLB
9	40705662	40712679	FAM74A3
9	40761402	40782112	ZNF658
8	42350744	42353832	DKK4
9	41311107	41317364	FAM75A4
8	42368547	42382568	VDAC3
7	44007013	44016247	SPDYE1
7	44050830	44067838	DBNL
17	16061234	16170286	PIGL
15	56032920	56145908	ALDH1A2
5	78704215	78845796	HOMER1
7	44068855	44071709	PGAM2
4	69996814	70013293	UGT2B7
4	69904925	70115031	UGT2B11
13	95541094	96283672	HS6ST3
10	34438495	35144255	PARD3
4	70380473	70396215	UGT2B4
4	70488724	70548007	UGT2A1
4	70627277	70661019	SULT1B1
13	97403930	97474552	IPO5
8	43114749	43177126	HGSNAT
3	46685683	46710195	ALS2CL
4	70896237	70902760	STATH
9	43625059	43861487	CNTNAP3B
4	70928761	70936834	HTN3
13	97593435	97900017	FARP1
4	70950748	70959145	HTN1
8	48336095	48811028	KIAA0146
4	71054493	71079084	C4orf40
4	71096833	71104881	ODAM
3	46717827	46727417	TMIE
8	48848222	49035296	PRKDC
4	71126377	71135553	C4orf7
16	19950308	19992740	GPR139
13	97900456	98027397	STK24
4	71142894	71151732	CSN3
9	44930232	44931487	FAM27C
15	57215461	57452362	MYO1E
15	57286334	57287997	LDHAL6B
12	31703388	31717299	C12orf72
4	71372525	71383302	MUC7
12	31715345	31773319	AMN1
4	71418887	71433048	AMTN
5	82387742	82408935	TMEM167A
1	32980099	33013158	KIAA1522
5	82409073	82685333	XRCC4
3	47032910	47180461	SETD2
10	35575959	35900858	CCNY
1	33013427	33056220	YARS
12	32546361	32684940	FGD4
8	51469311	51867974	SNTG1
3	47244890	47299092	KIF9
2	39329930	39517797	MAP4K3
17	17349602	17435719	PEMT
12	32723491	32789297	DNM1L
16	20542060	20610079	ACSM1
3	47299444	47363306	KLHL18
8	53697569	53789579	RB1CC1
12	32790746	32800141	YARS2
11	20577522	20633186	SLC6A5
3	47397495	47429935	PTPN23
9	68671801	68714929	ANKRD20A4
4	72271867	72656663	SLC4A4
9	69137176	69137430	ZNF72
11	20647712	21553576	NELL1
2	40192790	40691697	SLC8A1
1	33319301	33358709	ADC
13	98951672	99013635	TM9SF2
12	37332259	37587449	CPNE8
1	33383591	33420229	TRIM62
14	62243052	62638337	KCNH5
11	24475366	25060753	LUZP2
4	73365551	73653380	ADAMTS3
13	99432052	99437019	ZIC2
15	60726802	60923883	TLN2
4	74139280	74154336	COX18
10	42598265	42646855	BMS1
4	74159369	74343366	ANKRD17
3	47819655	47866686	DHX30
12	38435090	38786158	SLC2A13
1	33752196	34404030	CSMD2
8	56177571	56601262	XKR4
3	47867190	48105768	MAP4
9	70956382	71059938	TJP2
5	93880683	93980058	C5orf36
5	93979808	94059082	ANKRD32
2	43311479	43676689	THADA
1	34098663	34102978	HMGB4
8	57148169	57149623	RPS20
8	57188055	57189095	MOS
8	57236037	57286392	PLAG1
12	39868525	40254649	PDZRN4
2	43717943	43848629	PLEKHH2
9	71522874	71564696	PTAR1
5	95014545	95044456	SPATA9
9	71625551	71710968	C9orf135
1	35103624	35167773	DLGAP3
2	43854692	43890645	DYNC2LI1
5	95092606	95157827	RHOBTB3
3	48310595	48317852	NME6
3	48388713	48411194	FBXW12
2	43893115	43919508	ABCG5
22	36556809	36570274	ANKRD54
2	43919607	43959108	ABCG8
8	58354698	58355653	C8orf71
2	43968391	44076648	LRPPRC
1	35421790	35431322	SFPQ
7	47281277	47588216	TNS3
5	96023533	96136143	CAST
22	36632292	36667971	MICALL1
1	35671679	35795591	KIAA0319L
8	61263977	61356508	CA8
3	48484201	48516665	SHISA5
7	47970308	47985771	HUS1
3	48530130	48569231	PFKFB4
11	31241186	31347933	DCDC1
7	47993273	48035241	SUNC1
1	35795661	35804963	NCDN
11	31347953	31410958	DNAJC24
3	48574157	48576205	UCN2
7	48041635	48067416	C7orf57
3	48576510	48607597	COL7A1
1	35811558	35833512	TFAP2E
12	43188332	43556405	NELL2
1	35815525	35879730	PSMB2
7	48208389	48657637	ABCA13
8	62578374	62789672	ASPH
15	62819150	62854839	RBPMS2
16	22732999	22835572	HS3ST2
8	64090197	64113940	GGH
2	45732547	46268632	PRKCE
15	62991154	63038092	ANKDD1A
8	64134926	64161152	TTPA
4	75699863	75709510	AREGB
15	63042417	63069304	SPG21
8	65655368	65658735	BHLHE22
9	74211091	74645515	TMC1
8	65671246	65873902	CYP7B1
15	63081904	63109018	MTFMT
11	32561967	32580588	EIF3M
11	32580202	32772763	CCDC73
2	46779603	46843431	SOCS5
8	67201832	67250270	TRIM55
10	46317647	46359154	FAM35B
8	67251191	67253400	CRH
4	76869028	76954388	USO1
4	77000052	77042705	PPEF2
6	31026879	31029977	DPCR1
4	77050833	77081190	NAAA
22	37431753	37459536	GTPBP1
8	67703300	67742036	VCPIP1
4	77090083	77131137	SDAD1
22	37460676	37520094	UNC84B
8	67751008	67935244	C8orf44
4	77141647	77147686	CXCL9
8	67787445	67936800	SGK3
9	76858809	76892953	C9orf95
22	37504468	37520149	DNAL4
22	37544403	37569963	NPTXR
9	76893275	76951585	OSTF1
17	19853206	20162931	CYTSB
7	55400635	55468929	LANCL2
1	37039201	37272431	GRIK3
8	68139157	68271048	CSPP1
4	77298918	77354059	SCARB2
3	49120468	49133316	USP19
8	68272451	68418466	ARFGEF1
4	77354217	77423945	FAM47E
9	78263888	78312150	GCNT1
8	68496963	68821134	CPA6
2	48395299	48459938	FOXN2
3	49133552	49145603	LAMB2
4	77575277	77923430	SHROOM3
2	48521412	48596029	KLRAQ1
4	78035645	78038026	ANKRD56
7	56086872	56099176	CCT6A
3	49174973	49178760	CCDC71
3	49184072	49188922	KLHDC8B
3	49084173	49270159	CCDC36
9	78982181	79222219	VPS13A
11	34860421	34894472	APIP
7	56099411	56115856	SUMF2
8	69405511	69893810	C8orf34
11	34894695	34974092	PDHX
8	70541427	70735701	SULF1
7	56115471	56128121	PHKG1
15	65145249	65274586	SMAD3
2	49042902	49235138	FSHR
7	56136762	56141685	CHCHD2
2	50000992	51113178	NRXN1
8	71648227	71683158	TRAM1
8	71712045	71743946	LACTB2
4	79916556	80052363	BMP2K
7	57513831	57534142	ZNF716
9	79228369	79453043	GNA14
3	49482569	49548048	DAG1
9	79525020	79836012	GNAQ
16	27706351	27982331	GSG1L
1	39077608	39097927	RRAGC
3	49566926	49683985	BSN
1	39101221	39111637	MYCBP
16	28016817	28130691	XPO6
15	66133622	66267456	PIAS1
1	39102778	39119856	GJA9
1	39124066	39180043	RHBDL2
8	73642524	74012880	KCNB2
7	64001055	64029390	ZNF273
9	81376508	81531478	TLE4
4	81475947	82103918	C4orf22
8	74141809	74198514	C8orf84
1	39322426	39725376	MACF1
2	54195914	54385937	ACYP2
14	70120710	70137137	MED6
22	38770767	39061757	TNRC6B
11	36572646	36637397	C11orf74
2	54335560	54336792	TSPYL6
14	70178257	70211830	TTC9
11	40092329	40272240	LRRC4C
2	54411543	54463835	C2orf73
11	43658719	43834736	HSD17B12
11	43858971	43898389	ALKBH3
9	84787144	84867863	RASEF
14	71501247	72102990	RGS6
1	39729905	39768124	BMP8A
11	44073675	44223555	EXT2
10	50696337	51041337	PARG
1	39799075	39815049	PABPC4
4	83769714	83939034	SCD5
14	72145495	72430562	DPF3
11	44238570	44288195	ALX4
4	83958839	84040715	SEC31A
1	39861691	39877935	HEYL
8	76482732	76641600	HNF4G
1	39897380	39910297	NT5C1A
1	39917249	39929676	HPCAL4
12	48046955	48207474	SPATS2
10	51041413	51057774	TIMM23B
10	51134157	51156333	AGAP7
12	48219207	48238326	KCNH3
9	85641433	85726162	KIF27
15	69176345	69862776	THSD4
12	48238355	48248178	MCRS1
9	85743049	85761721	C9orf64
10	51235233	51260740	NCOA4
9	85772912	85785339	HNRNPK
1	40079295	40121765	TRIT1
10	51262096	51293344	TIMM23
7	68702576	69895776	AUTS2
2	55317235	55349888	MTIF2
8	79740885	79792489	FAM164A
8	79807564	79880313	IL7
9	85785517	85808805	RMI1
7	70235725	70816519	WBSCR17
2	55364659	55365110	NCRNA00117
1	40133685	40140274	MYCL1
2	55368482	55500467	CCDC88A
7	70882412	71549982	CALN1
11	45887797	45896182	PEX16
11	45899772	45907223	GYLTL1B
11	45907447	46099561	PHF21A
4	84676248	84746052	AGPAT9
7	71987872	72059915	POM121
7	72056771	72063222	NSUN5C
9	87351275	87546709	AGTPBP1
4	85809719	86106568	WDFY3
7	72128196	72138245	SPDYE8P
15	70553721	70662877	ARIH1
10	52421124	53728116	PRKG1
4	86106562	86106983	C4orf12
4	87156655	87593320	MAPK10
1	40715474	40734602	ZNF642
1	40747000	40754799	DEM1
3	50375237	50516032	CACNA2D2
10	55232537	57057708	PCDH15
1	40769820	40786423	ZNF684
15	71131928	71384596	NEO1
12	49080917	49160046	LARP4
4	87734909	87955326	PTPN13
15	71522552	71639404	C15orf60
15	71639410	71712806	NPTN
9	88749098	88751924	GAS1
3	50629605	50661723	MAPKAPK3
3	50687676	51396669	DOCK3
8	85604112	85963979	RALYL
8	86206629	86245562	LRRCC1
8	86276871	86314003	E2F5
7	72645460	72676806	MLXIPL
1	41744623	42156965	HIVEP3
10	60606353	60677540	PHYHIPL
2	61146572	61218670	KIAA1841
7	72720110	72724375	VPS37D
1	42391679	42394082	GUCA2B
10	60675902	60792358	FAM13C
1	42400949	42402982	GUCA2A
2	61225770	61245166	C2orf74
7	72734537	72735719	DNAJC30
7	72735834	72750477	WBSCR22
8	87455369	87549292	WWP1
1	42920653	42940600	YBX1
1	42971351	42978512	CLDN19
1	42984633	43005313	LEPRE1
9	91409748	91411283	GADD45G
1	43005527	43013997	C1orf50
2	61986292	62216698	COMMD1
8	87947840	88435220	CNBD1
8	88954128	88955315	WDR21C
10	62299208	62431204	RHOBTB1
8	90839110	90872433	RIPK2
12	50364210	50488564	SCN8A
10	62836407	62883214	TMEM26
12	50499832	50502482	FIGNL2
2	63202041	63669355	C2orf86
14	74968590	75006908	JDP2
14	75058537	75083086	BATF
8	91872954	92040806	NECAB1
4	89866129	90197346	FAM13A
2	63669596	63687832	MDH1
1	43576062	43592722	MPL
9	94012446	94095819	IARS
22	41522476	41583244	ARFGAP3
10	64241763	64246133	EGR2
1	43597213	43601461	CDC20
22	41595721	41741095	PACSIN2
4	90252991	90255073	TIGD2
22	41765589	41815378	TTLL1
1	43601660	43606286	ELOVL1
1	43622176	43628070	MED8
22	41836701	41855661	BIK
4	91019706	91094803	MMRN1
14	75907479	76036961	ESRRB
22	41858156	41869347	MCAT
11	47446522	47531264	CUGBP1
1	43628140	43690891	C1orf84
22	41877479	41889191	TSPO
4	91978659	91979286	TMSL3
4	93444831	94914730	GRID2
11	47543751	47549942	PTPMT1
22	41892572	41913076	TTLL12
11	47550326	47557094	KBTBD4
4	95348217	95431462	SMARCAD1
14	76561498	76563888	C14orf4
14	76634331	76653382	KIAA1737
11	47557208	47562689	NDUFS3
11	47564821	47567322	FAM180B
11	47567792	47572537	C1QTNF4
11	47595444	47620640	MTCH2
4	95898151	96295190	BMPR1B
11	47756246	47826633	NUP160
2	65391492	65512815	SPRED2
4	96308712	96689031	UNC5C
11	47958686	48148969	PTPRJ
4	99401550	99584031	RAP1GDS1
9	94987033	95122675	WNK2
9	95248604	95254812	FAM120AOS
9	95253994	95368218	FAM120A
2	68445826	68478088	PLEK
2	68543011	68547894	FBXO48
2	68548246	68660797	APLF
10	70257300	70325194	STOX1
11	49383103	49393881	TYRL
10	70331040	70376608	DDX50
19	16632938	16660814	TMEM38A
19	16703001	16789756	NWD1
10	70385898	70414285	DDX21
10	70418499	70446740	KIAA1279
8	98950487	99117116	MATN2
8	99123130	99129034	RPL30
11	55250383	55251210	OR5D3P
11	55297490	55298434	OR5D13
11	55319608	55320552	OR5D14
11	55335519	55336454	OR5L1
11	55343676	55344623	OR5D18
11	55351271	55352206	OR5L2
15	76157205	76184306	SH2D7
8	99198716	99239818	POP1
15	76184046	76210933	CIB2
9	96528804	96889261	C9orf3
2	69542036	69724353	AAK1
15	76228774	76249938	IDH3A
8	99273563	99375797	NPAL2
15	76246865	76313913	ACSBG1
8	99536037	99907074	STK3
7	75001345	75206215	HIP1
15	76343551	76361591	DNAJA4
17	27795615	27832154	PSMD11
9	96901158	97119812	FANCC
14	87721008	87863004	KCNK10
15	76362635	76378995	WDR61
7	75236778	75257000	CCL26
16	30753770	30812900	BCL7C
17	27838214	27842383	CDK5R1
9	97245083	97319068	PTCH1
15	76419750	76427622	CRABP1
20	43952512	43960866	CTSA
16	30811875	30822381	CTF1
7	75279050	75280969	CCL24
17	27843741	28228015	MYO1D
16	30842919	30867605	FBXL19
3	53099851	53139509	RFT1
16	30867916	30873757	ORAI3
20	43960806	43974226	PLTP
16	30876116	30903482	SETD1A
17	28364221	29507664	ACCN1
20	43996724	44010064	PCIF1
9	97672387	97678079	C9orf130
9	97677721	97770942	C9orf102
20	44010700	44034240	ZNF335
17	29606409	29608329	CCL2
17	29621354	29623373	CCL7
3	53504116	53821001	CACNA1D
11	56495101	56495997	OR5AK3P
14	88360731	88414087	TTC8
11	56512965	56513894	OR5AK2
10	71482363	71542046	H2AFY2
3	54131733	55083622	CACNA2D3
10	71527985	71562696	AIFM2
15	77041341	77169895	RASGRF1
10	71567739	71576502	TYSND1
10	71579966	71600285	SAR1A
20	44411574	44426471	SLC35C2
3	55692901	56477431	ERC2
22	45537193	45948399	TBC1D22A
15	77511913	77551687	KIAA1024
2	70889290	70901240	CLEC4F
10	71632592	71663196	PPA1
2	70910855	70916460	CD207
2	70981228	71014081	VAX2
20	44428096	44468678	ELMO2
11	56984893	57001005	RTN4RL2
10	71728735	71812388	LRRC20
11	57008586	57039735	SLC43A1
11	57052514	57054808	TIMM10
1	45858304	45862260	CCDC17
11	57066692	57074684	SMTNL1
11	57075705	57103217	UBE2L6
20	44476278	44521322	ZNF663
1	45865563	45924795	GPBP1L1
1	45926434	45932685	TMEM69
9	99303742	99403357	TMOD1
1	45932583	45988909	IPP
10	72027110	72032537	PRF1
1	46041872	46274383	MAST2
2	71268944	71307709	PAIP2B
10	72102565	72192203	ADAMTS14
3	57302817	57361295	DNHD2
2	71357231	71515699	ZNF638
1	46278399	46371053	PIK3R3
3	57429635	57505108	DNAH12L
2	71534268	71767398	DYSF
20	44956916	45250897	EYA2
7	77484310	78920572	MAGI2
3	57716997	57889935	SLMAP
10	72826697	73245708	CDH23
3	57969167	58133018	FLNB
3	58153394	58175438	DNASE1L3
11	57441347	57442278	OR5AZ1P
11	57555001	57555954	OR6Q1
11	57642548	57643492	OR9I1
11	57547929	57705612	OR9Q1
1	46783903	46789786	KNCN
1	46795677	46842497	MKNK1
11	57882174	57883118	OR5B17
12	52618843	52626594	HOXC13
14	91658082	91700296	CPSF2
11	57926514	57927458	OR5B3
11	57946381	57947310	OR5B2
11	57963256	57964200	OR5B12
1	46845974	46855150	MOBKL2C
10	73488799	73518773	SPOCK2
3	58452881	58463119	KCTD6
3	58465906	58497956	ACOX2
10	73526284	73646052	ASCC1
10	73645812	73665622	C10orf104
2	73864824	73897782	C2orf78
2	73909594	73954268	STAMBP
3	58702777	59010755	C3orf67
14	92330403	92376057	GOLGA5
12	52861519	52869024	SMUG1
7	83425601	83662153	SEMA3A
3	59712992	60497735	FHIT
7	84462812	84589183	SEMA3D
2	73973601	74000500	ACTG2
12	52921003	52960153	CBX5
10	73797104	74055905	CBARA1
16	45746815	46052519	ITFG1
12	52960755	52965295	HNRPA1L3
7	86347174	86409332	KIAA1324L
3	62359062	62836094	CADPS
15	81907287	82078495	SH3GL3
2	74296878	74424044	SLC4A5
12	52972167	52975811	NFE2
2	74441790	74472722	DCTN1
11	59695657	59707250	MS4A6A
1	48771114	50262172	AGBL4
1	50080391	50084659	ZNF859P
2	74494964	74498352	C2orf81
2	74502364	74506389	WDR54
2	74506497	74522568	RTKN
3	66376317	66512039	SLC25A26
1	50679523	51198524	FAF1
16	49139742	49226142	NKD1
7	88226689	88804282	ZNF804B
14	93978554	93988875	SERPINA11
7	88261357	88262967	C7orf62
1	51815439	52026729	OSBPL9
14	93998813	94012423	SERPINA9
15	83724875	84093590	AKAP13
14	94023374	94053934	SERPINA12
14	94097536	94105994	SERPINA4
14	94117564	94129200	SERPINA5
12	54316943	54317884	OR10P1
12	54361686	54364659	METTL7B
12	54364640	54387949	ITGA7
15	84103561	84139193	KLHL25
20	48984811	49008499	DPM1
20	49008770	49011227	MOCS3
7	90063878	90677840	PFTK1
20	49053601	49073082	KCNG1
3	71087426	71715830	FOXP1
7	90731719	90736059	FZD1
7	91408128	91577925	AKAP9
14	95740950	95780536	BDKRB2
2	75727417	75751387	MRPL19
10	75427878	75549916	VCL
3	71903497	71916902	PROK2
2	76828353	77603010	LRRTM4
7	91579409	91601946	CYP51A1
20	51022353	51540889	TSHZ2
14	98705377	98807614	BCL11B
14	98933855	99016991	SETD3
2	79265865	80729416	CTNNA2
14	99017492	99047604	CCNK
3	75553413	75566951	FAM86D
2	84504165	84540097	SUCLG1
14	99051268	99140049	CCDC85C
2	84597090	84900224	DNHL1
3	76069335	77779351	ROBO2
20	54367390	54377116	C20orf108
20	54377852	54400800	AURKA
3	78729080	79721751	ROBO1
10	78307361	79068133	KCNMA1
17	34279894	34331541	LASP1
17	34346244	34377181	FBXO47
3	85091449	86200638	CADM2
7	92597304	92615616	SAMD9L
20	54400981	54412989	CSTF1
1	53744494	53972465	GLIS1
7	92655836	92693718	HEPACAM2
20	54420575	54467243	CASS4
1	54005980	54076763	TMEM48
7	92699589	92826273	CCDC132
3	88122536	88125609	HTR1F
1	54089994	54128041	YIPF1
3	88183798	88190836	CGGBP1
16	55321573	55436177	NUP93
16	55456643	55504850	SLC12A3
20	54637765	54647743	TFAP2C
10	80498798	80746282	ZMIZ1
16	55777742	55830441	RSPRY1
16	55836539	55845046	ARL2BP
16	55847511	55876072	PLLP
3	98016311	98950235	EPHA6
19	34994741	35007056	CCNE1
3	99078509	99146500	CRYBG3
2	85919778	85969668	ST3GAL5
7	94827122	94863623	PON3
2	86106962	86186789	POLR1A
7	94872111	94902320	PON2
2	86186849	86222791	PTCD3
7	94953149	95005007	ASB4
2	86224566	86276404	IMMT
1	55304629	55453374	USP24
7	95050753	95063861	PDK4
3	99671111	99672062	OR5K1
3	99699215	99700165	OR5K2
3	99717008	99724600	CLDND1
7	95239802	95565671	DYNC1I1
7	95587469	95789341	SLC25A13
3	99733545	99734684	GPR15
11	62380094	62412928	SLC3A2
2	86584064	86801756	VPS24
1	57233039	58488763	DAB1
7	96584953	96649007	ACN9
7	97199311	97207696	TAC1
11	62432728	62445588	CHRM1
1	58898178	58938335	MYSM1
7	97451933	97457444	OCM2
1	60228655	60312014	C1orf87
1	61103519	61694617	NFIA
10	88506376	88674925	BMPR1A
10	88685576	88707352	MMRN2
10	88708351	88712995	SNCG
11	63205498	63283913	RTN3
17	35885606	35911380	TNS4
10	88718168	88720646	C10orf116
17	35963550	35975250	CCR7
2	88637376	88708209	EIF2AK3
11	63337436	63351727	C11orf84
2	88772291	88831567	RPIA
10	88844933	88941200	FAM35A
1	62692987	62926557	DOCK7
1	62835775	62843768	ANGPTL3
10	89613175	89718511	PTEN
1	63605886	63675464	ALG6
1	63679033	63761453	ITGB3BP
1	63761601	63810951	EFCAB7
20	59983250	60074261	TAF4
10	90405987	90428552	LIPF
20	60130912	60143829	LSM14B
10	90474281	90502523	LIPK
1	64709063	64931329	CACHD1
20	60145186	60151881	PSMA7
1	65071494	65204775	JAK1
17	36846147	36851122	KRT38
2	95621493	95629194	TRIM43
17	36869291	36877164	KRT32
17	36886467	36890918	KRT35
11	63793878	63808740	BAD
17	36895916	36902324	KRT36
1	65503182	65654140	DNAJC6
17	36898973	36915391	KRT13
11	63809907	63813539	GPR137
1	65658902	65670837	LEPROT
11	63815369	63824078	KCNK4
17	36923523	36932191	KRT15
1	65658906	65875410	LEPR
11	63824439	63828814	C11orf20
17	36933396	36938167	KRT19
11	63828023	63845858	PRDX5
11	63829620	63840791	ESRRA
1	66030785	66612850	PDE4B
2	96280041	96295459	TMEM127
2	96295611	96303619	CIAO1
11	63864271	63881581	CCDC88B
2	96303804	96334988	SNRNP200
11	63883201	63896262	RPS6KA4
10	91332726	91395195	PANK1
12	58369393	58461674	SLC16A7
6	34965016	35193232	ANKS1A
6	35180603	35217165	TCP11
2	96735396	96769528	LMAN2L
1	67404757	67498236	IL23R
2	96790366	96841351	CNNM4
1	67545635	67635171	IL12RB2
2	96845718	96864848	CNNM3
1	67646081	67668711	SERBP1
2	96867379	96873485	ANKRD23
2	96877505	96887475	ANKRD39
2	96889201	96899462	SEMA4C
2	96905350	97001446	FAM178B
12	62238960	62348621	DPY19L2
1	68284233	68289902	DIRAS3
1	68336740	68470854	GPR177
1	68667103	68688230	RPE65
10	93798379	94040824	CPEB3
1	68713527	68735353	DEPDC1
10	94040900	94103701	MARCH5
1	69806669	70361755	LRRC7
6	35870738	35873080	CLPS
6	35881048	35899830	LHFPL5
6	35908789	35996942	SRPK1
12	64869270	64928684	IRAK3
12	65029066	65359020	GRIP1
2	98980156	99137812	TSGA10
10	95643720	95652480	TMEM20
2	99124617	99134358	C2orf15
12	66834816	66839790	IFNG
1	71641213	72521005	NEGR1
6	36518522	36566898	KCTD20
12	66881396	66905838	IL26
6	36569647	36623234	STK38
1	74436514	74782696	TNNI3K
6	36670144	36679187	SFRS3
6	36754465	36763086	CDKN1A
1	74710364	74721621	LRRC53
6	36798350	36804556	RAB44
6	36816533	36915756	CPNE5
1	75440404	75849389	SLC44A5
1	75962870	76001771	ACADM
2	99530150	100125469	AFF3
11	65049124	65062758	SCYL1
1	76024474	76033688	RABGGTB
1	76035155	76151511	MSH4
11	65062866	65082275	LTBP3
1	76312992	76872874	ST6GALNAC3
6	37287934	37333909	TMEM217
17	38238949	38249301	PSME3
1	77327254	77457720	PIGK
6	37333521	37408723	TBC1D22B
11	65094519	65095793	SSSCA1
11	65096396	65098245	FAM89B
17	38250135	38256248	AOC2
11	65100085	65116691	EHBP1L1
17	38256727	38263664	AOC3
11	65116903	65120043	KCNK7
17	38306341	38318912	G6PC
12	67531227	67612891	CPM
11	65121802	65138296	MAP3K11
11	65109442	65174965	SIPA1
6	37895285	38230375	ZFAND3
6	38250713	38673848	BTBD9
1	78017897	78116667	FAM73A
1	78126788	78182164	NEXN
11	65236065	65243650	KAT5
6	38792313	39106545	DNAH8
11	65241720	65244985	RNASEH2C
11	65311105	65321259	OVOL1
1	78284177	78375697	GIPC2
6	39264726	39305229	KCNK5
1	79128037	79247245	ELTD1
11	65403860	65407788	CTSW
1	81544439	82232307	LPHN2
11	65407787	65412586	FIBP
20	62266271	62344048	MYT1
20	62357492	62389618	PCMTD2
11	65414451	65415681	CCDC85B
11	65416268	65424573	FOSL1
12	69196897	69317477	PTPRB
20	62392182	62405151	C20orf69
11	65440861	65443107	C11orf68
10	98114356	98263658	TLL2
11	65443304	65445607	DRAP1
11	65469691	65484010	TSGA10IP
1	84107645	84237421	TTLL7
10	98270424	98336799	TM9SF3
11	65485736	65504183	SART1
12	69318129	69600853	PTPRR
10	98343063	98470269	PIK3AP1
12	69805136	70121945	TSPAN8
12	70120080	70264889	LGR5
11	65594400	65768789	PACS1
11	65777735	65801539	RAB1B
11	65781766	65791907	KLC2
6	41622142	41678099	FOXP4
11	65802272	65808259	CNIH2
11	65808627	65813196	YIF1A
1	85891080	85946689	ZNHIT6
1	85967504	86394709	COL24A1
1	86662413	86694826	CLCA2
6	42282517	42293581	MRPS10
1	86706639	86738560	CLCA1
6	42300647	42527767	TRERF1
6	42639778	42769220	UBR2
1	86942853	86986455	SH3GLB1
1	87152919	87407475	HS2ST1
6	42822674	42944274	KIAA0240
6	42955351	42965612	RPL7L1
6	42966199	42966504	C6orf226
12	79126114	79297001	C12orf64
11	66547467	66574905	SYT12
11	66580897	66596059	RHOD
17	40110334	40122673	CCDC43
17	40141502	40185157	DBF4B
11	66644074	66781717	FBXL11
12	79995940	80173713	ACSS3
12	80177487	80672131	PPFIA2
16	70232304	70306205	PHLPPL
19	45194869	45229812	ZNF546
12	81605065	82052194	TMTC2
19	45227212	45253952	ZNF780B
19	45270604	45288685	ZNF780A
16	70320404	70400477	AP1G1
1	89763050	89836011	LRRC8B
1	89871242	89953300	LRRC8C
1	90059192	90174147	LRRC8D
1	91498912	91643014	HFM1
1	91918488	92144147	TGFBR3
1	92187516	92252571	BRDT
16	72969373	72983514	NPIPL2
16	73000032	73012944	CLEC18B
6	43257900	43300303	CUL9
16	73043357	73198518	GLG1
12	89968407	89976262	KERA
12	90021363	90029673	LUM
1	92537193	92626317	RPAP2
6	43301347	43305189	C6orf108
1	92712907	92725021	GFI1
6	43319200	43363975	TTBK1
1	92746841	93030549	EVI5
12	91061030	91063751	BTG1
6	43373976	43381254	SLC22A7
12	91620970	91626196	C12orf74
11	67515151	67528169	UNC93B1
6	43381189	43384513	CRIP3
11	67836684	67973315	LRP5
11	67984775	68139373	SAPS3
11	68208559	68215219	GAL
11	68231484	68275564	MTL5
1	93390018	93418834	TMED5
11	68278666	68365881	CPT1A
1	93418508	93516875	CCDC18
12	94135715	94219075	VEZT
16	76379984	76571504	VAT1L
16	76613944	76623495	CLEC3A
12	94575715	94708667	NTN4
12	94776840	94784364	SNRPF
12	94784958	94860559	CCDC38
16	79567206	79597997	C16orf61
16	79597604	79624220	CENPN
11	69602294	69713281	ANO1
16	79626959	79638452	ATMIN
17	43328515	43361320	SP2
16	79644603	79668373	C16orf46
11	69726917	69731134	FADD
1	94407052	94475895	ARHGAP29
17	43373916	43381673	PNPO
17	43384335	43390109	ATAD4
17	43403428	43414146	CDK5RAP3
12	95407516	95458876	C12orf55
17	43565801	43862599	SKAP1
17	43981232	44006809	HOXB3
17	44007869	44010742	HOXB4
17	44023619	44026127	HOXB5
16	81439761	82387705	CDH13
1	97315890	98159203	DPYD
17	44028098	44037333	HOXB6
17	44039602	44043382	HOXB7
17	44044708	44047300	HOXB8
17	44053527	44058834	HOXB9
12	97653469	98902563	ANKS1B
6	44904447	45453669	SUPT3H
6	45404032	45626796	RUNX2
11	71578250	71584990	FOLR1
11	71605476	71610632	FOLR2
11	71613473	71627797	INPPL1
11	71627772	71632852	PHOX2A
11	71681122	71823216	CLPB
6	46625405	46728482	CYP39A1
6	46728638	46757267	SLC25A27
6	46763825	46780013	TDRD6
11	72073763	72141095	ARAP1
16	84202524	84267311	KIAA0182
16	84268782	84280089	GINS2
16	84298624	84342190	C16orf74
11	72143422	72182398	STARD10
11	72203099	72218326	ATG16L2
11	72225439	72530954	FCHSD2
6	47732182	47770887	GPR111
19	48362248	48382528	PSG5
6	47761559	47797716	GPR115
16	85920445	85974877	FBXO31
6	47857757	47902073	OPN5
19	48388694	48401766	PSG4
19	48449275	48465522	PSG9
11	72794677	72986876	FAM168A
11	73023592	73051510	PLEKHB1
11	73064342	73149849	RAB6A
16	87047226	87128890	ZFPM1
17	45800230	45805561	MRPL27
17	45805589	45813817	EME1
17	45813599	45829831	LRRC59
17	45858518	45907199	ACSF2
6	51588104	52060382	PKHD1
17	45896853	45901226	CHAD
6	52159144	52163395	IL17A
11	73719009	73787150	PGM2L1
6	52643843	52659345	TMEM14A
6	52722898	52736232	GSTA2
11	74137561	74231105	RNF169
11	74229604	74337880	XRRA1
11	74337975	74366427	SPCS2
11	74376827	74396389	NEU3
11	74539809	74594945	SLCO2B1
11	74654130	74740521	ARRB1
6	54819528	54914779	FAM83B
6	56029347	56366851	COL21A1
11	76046219	76059439	LRRC32
11	76092155	76092950	GUCY2E
6	56430744	56927363	DST
11	76978328	76998339	AQP11
11	77004847	77026495	CLNS1A
11	77489636	77528347	ALG8
11	77559951	77577312	KCTD21
11	77577606	77603401	USP35
17	51151989	51164481	TMEM100
17	51183355	51209747	PCTP
11	82843701	85015962	DLG2
6	64403700	64483336	PHF3
6	69401980	70156124	BAI3
11	85243792	85308699	CCDC83
11	85346379	85457787	PICALM
17	53777538	53784562	SUPT4H1
17	53784860	53849893	RNF43
17	53852528	53920758	HSF5
2	132577907	132578161	ZNF72
11	86334370	86344081	FZD4
6	71434200	71628435	SMAP1
11	87666421	87710586	CTSC
6	71623637	71723462	B3GAT2
11	87881006	88438761	GRM5
6	72653127	73169229	RIMS1
11	88550688	88668574	TYRL
6	73975314	74076809	KHDC1
6	74119508	74120674	DPPA5
17	55139811	55273235	TMEM49
11	89574265	89595854	CHORDC1
11	92703531	92811282	CCDC67
11	93034525	93103170	KIAA1731
11	93790123	93866688	MRE11A
11	93866801	93872385	ANKRD49
11	93916775	93922712	FUT4
11	93940162	93994234	PIWIL4
11	94462665	94505463	ENDOD1
11	94545781	94603894	SESN3
17	58440630	58858799	TANC2
19	53466466	53482675	ZNF114
19	53491526	53516997	CCDC114
19	53520454	53525622	EMP3
19	53527425	53559009	TMEM143
19	54095119	54118340	NUCB1
19	54128751	54140038	DHDH
19	54149929	54156864	BAX
6	76062346	76260216	FILIP1
19	54160378	54161947	FTL
6	76368320	76484717	SENP6
19	54163195	54188361	GYS1
19	54188968	54210994	RUVBL2
6	80873083	81112706	BCKDHB
6	84619704	84623953	C6orf59
6	84626089	84726863	CYB5R4
17	61062121	61618435	CCDC46
6	87703975	87783120	HTR1E
6	89376708	89730067	RNGTT
6	90131436	90178714	RRAGD
6	90199616	90400123	ANKRD6
6	90398666	90405195	LYRM2
6	90409952	90586163	MDN1
6	90692969	91063182	BACH2
6	94007864	94185993	EPHA7
19	56138373	56148156	KLK5
6	97479217	97695351	KLHL32
17	68153684	68600427	SLC39A11
19	56153700	56164741	KLK6
19	56171541	56179106	KLK7
19	56191076	56196770	KLK8
19	56195618	56204649	KLK9
19	56207813	56215243	KLK10
19	56217301	56223102	KLK11
19	56224160	56229960	KLK12
19	60336008	60352385	TNNT1
19	60354950	60360912	TNNI3
19	60361843	60369831	C19orf51
19	60376281	60383532	SYT5
19	60384428	60412654	PTPRH
19	60429928	60432444	TMEM86B
19	60432960	60462175	SAPS1
17	78070883	78155772	FOXK2
17	78165742	78199512	WDR45L
5	40868515	40868594	SNORD72
11	62379612	62379680	SNORD25
X	153281816	153281950	SNORA70
8	99123490	99123621	SNORA72
1	154156324	154156460	SNORA42
1	172103432	172103511	SNORD74
11	62189470	62189618	SNORA57
2	86216504	86216640	SNORD94
11	62377373	62377443	SNORD31
11	62376958	62377083	SNORD22
11	62378669	62378743	SNORD28
17	55663659	55663789	SCARNA20
17	7418755	7418889	SNORA48
3	187987783	187987914	SNORA63
4	53274173	53274294	SNORA26
1	39805633	39805767	SNORA55
11	8662350	8662479	SNORA3
17	7421997	7422133	SNORA67
11	62379340	62379414	SNORD26
16	70349806	70349891	SNORD71
9	19053654	19053784	SCARNA8
11	62377711	62377780	SNORD30
11	9406896	9407077	SNORA23
11	62377952	62378016	SNORD29
11	62379060	62379131	SNORD27
